This is Ipopt version 3.14.11, running with linear solver MUMPS 5.4.1.

Number of nonzeros in equality constraint Jacobian...:    28170
Number of nonzeros in inequality constraint Jacobian.:        0
Number of nonzeros in Lagrangian Hessian.............:    17180

Total number of variables............................:     5278
                     variables with only lower bounds:      990
                variables with lower and upper bounds:     4288
                     variables with only upper bounds:        0
Total number of equality constraints.................:     4248
Total number of inequality constraints...............:        0
        inequality constraints with only lower bounds:        0
   inequality constraints with lower and upper bounds:        0
        inequality constraints with only upper bounds:        0

iter    objective    inf_pr   inf_du lg(mu)  ||d||  lg(rg) alpha_du alpha_pr  ls
   0  3.6448740e+01 1.67e+02 4.79e+00  -1.0 0.00e+00    -  0.00e+00 0.00e+00   0
   1  3.6517761e+01 1.58e+02 3.49e+01  -1.0 8.43e+00    -  5.24e-02 5.36e-02f  1
   2  3.6543714e+01 1.55e+02 3.35e+01  -1.0 1.11e+01    -  4.16e-02 1.81e-02f  1
   3  3.6610880e+01 1.47e+02 3.28e+01  -1.0 1.63e+01    -  2.52e-02 4.61e-02f  1
   4  3.6659190e+01 1.39e+02 5.47e+01  -1.0 2.95e+01    -  3.15e-02 4.33e-02f  1
   5  3.6691998e+01 1.28e+02 4.55e+01  -1.0 1.91e+01    -  6.89e-02 5.17e-02f  1
   6  3.6251450e+01 1.02e+02 1.31e+02  -1.0 1.78e+01    -  2.87e-02 1.16e-01f  1
   7  3.6263435e+01 9.99e+01 1.35e+02  -1.0 1.59e+01    -  2.24e-02 1.96e-02f  1
   8  3.6262085e+01 9.67e+01 1.28e+02  -1.0 6.69e+00   0.0 6.07e-02 3.05e-02f  1
   9  3.6136117e+01 7.33e+01 1.02e+03  -1.0 1.14e+01  -0.5 2.52e-02 1.90e-01f  1
iter    objective    inf_pr   inf_du lg(mu)  ||d||  lg(rg) alpha_du alpha_pr  ls
  10  3.5991367e+01 7.22e+01 1.03e+03  -1.0 1.11e+01  -0.1 1.78e-02 1.58e-02f  1
  11  3.5377044e+01 6.84e+01 1.04e+03  -1.0 3.09e+00   0.4 8.52e-02 5.00e-02f  1
  12  3.3883029e+01 5.94e+01 2.63e+03  -1.0 3.20e+00   0.8 3.05e-03 1.18e-01f  1
  13  3.3863953e+01 5.93e+01 2.62e+03  -1.0 2.45e+00   2.1 2.68e-02 1.82e-03h  1
  14  3.3845929e+01 5.92e+01 3.65e+03  -1.0 7.30e+00   1.7 1.26e-02 1.20e-03h  1
  15  3.3812855e+01 5.91e+01 1.91e+04  -1.0 3.17e+00   2.1 2.61e-02 2.13e-03h  1
  16  3.2980723e+01 5.62e+01 1.78e+04  -1.0 3.51e+00   1.6 4.35e-02 4.69e-02f  1
  17  3.2150586e+01 5.35e+01 1.78e+04  -1.0 5.81e+00   1.1 1.12e-01 4.55e-02f  1
  18  3.2030050e+01 5.35e+01 1.82e+04  -1.0 5.32e+02   0.6 4.24e-04 9.43e-04h  1
  19  3.2025325e+01 5.35e+01 1.77e+04  -1.0 2.27e+01   1.1 5.45e-03 1.83e-04h  1
iter    objective    inf_pr   inf_du lg(mu)  ||d||  lg(rg) alpha_du alpha_pr  ls
  20  3.1291572e+01 5.13e+01 2.33e+04  -1.0 5.54e+00   1.5 1.87e-01 4.01e-02f  1
  21  3.0927737e+01 5.06e+01 2.47e+04  -1.0 4.12e+01   1.0 1.11e-03 1.38e-02f  1
  22  3.0845858e+01 5.04e+01 2.44e+04  -1.0 1.42e+01   1.4 9.94e-03 4.05e-03h  1
  23  2.8702684e+01 4.37e+01 3.03e+04  -1.0 7.22e+00   1.9 1.80e-02 1.22e-01f  1
  24  2.8549193e+01 4.34e+01 3.02e+04  -1.0 5.33e+00   2.3 2.51e-03 6.75e-03f  1
  25  2.8453840e+01 4.32e+01 2.99e+04  -1.0 2.34e+00   2.7 4.61e-02 5.55e-03h  1
  26  2.8437144e+01 4.31e+01 2.99e+04  -1.0 2.13e+00   2.2 4.18e-02 8.90e-04h  1
  27  2.6916510e+01 3.88e+01 3.64e+04  -1.0 1.43e+00   2.7 2.18e-01 9.46e-02f  1
  28  2.6208400e+01 3.75e+01 2.54e+04  -1.0 8.98e+00   2.2 3.40e-04 3.30e-02h  1
  29  2.5391023e+01 3.49e+01 1.68e+04  -1.0 7.97e-01   2.6 1.53e-01 6.87e-02h  1
iter    objective    inf_pr   inf_du lg(mu)  ||d||  lg(rg) alpha_du alpha_pr  ls
  30  2.5144048e+01 3.43e+01 1.98e+04  -1.0 2.96e+00   2.1 9.08e-04 1.76e-02f  1
  31  2.5024477e+01 3.39e+01 1.79e+04  -1.0 7.41e-01   2.6 1.50e-01 1.14e-02h  1
  32  2.4823540e+01 3.34e+01 1.72e+04  -1.0 4.75e+00   2.1 1.03e-02 1.40e-02h  1
  33  2.4802716e+01 3.33e+01 1.97e+04  -1.0 7.25e-01   2.5 1.59e-01 2.15e-03h  1
  34  2.2599050e+01 2.31e+01 1.98e+04  -1.0 1.99e+00   2.0 1.02e-03 2.78e-01f  1
  35  2.2082681e+01 1.99e+01 1.67e+04  -1.0 5.46e-01   2.5 1.70e-01 1.34e-01h  1
  36  2.1479616e+01 1.06e+01 1.22e+04  -1.0 4.77e-01   2.0 2.31e-01 4.35e-01f  1
  37  2.3522868e+01 1.93e+00 1.69e+04  -1.0 4.62e-01   1.5 4.52e-01 1.00e+00f  1
  38  2.4190467e+01 1.24e-02 1.91e+03  -1.0 4.09e-02   1.9 7.39e-01 1.00e+00f  1
  39  2.5421152e+01 1.27e-01 1.08e+03  -1.0 3.80e-02   1.5 4.39e-01 1.00e+00f  1
iter    objective    inf_pr   inf_du lg(mu)  ||d||  lg(rg) alpha_du alpha_pr  ls
  40  2.7421902e+01 9.33e-01 4.28e+02  -1.0 1.11e-01   1.0 5.83e-01 1.00e+00f  1
  41  2.9224599e+01 5.70e+00 9.36e+02  -1.0 3.83e-01   0.5 2.64e-01 1.00e+00f  1
  42  1.8754696e+01 3.67e+01 8.09e+02  -1.0 6.53e-01   0.0 5.58e-01 6.40e-01f  1
  43  1.4118938e+01 2.05e+01 5.05e+02  -1.0 4.68e-01   0.5 5.22e-01 1.00e+00f  1
  44  1.2745577e+01 1.46e+00 2.20e+02  -1.0 2.10e-01   0.9 7.86e-01 1.00e+00f  1
  45  1.0041961e+01 7.90e+00 8.30e+02  -1.0 4.04e-01   0.4 1.00e+00 1.00e+00f  1
  46  8.8054502e+00 2.71e+01 4.38e+02  -1.0 1.00e+00  -0.1 1.00e+00 4.64e-01f  1
  47  7.9487226e+00 7.86e+00 9.10e+01  -1.0 4.53e-01   0.4 1.00e+00 8.05e-01f  1
  48  6.3857568e+00 9.28e+00 2.12e+01  -1.0 1.07e+00  -0.1 4.84e-01 1.00e+00f  1
  49  4.1804843e+00 1.82e+01 4.14e+01  -1.0 3.67e+00  -0.6 1.74e-01 5.23e-01f  1
iter    objective    inf_pr   inf_du lg(mu)  ||d||  lg(rg) alpha_du alpha_pr  ls
  50  3.8797439e+00 1.22e+02 4.69e+02  -1.0 3.95e+00  -0.2 5.27e-01 2.36e-01f  1
  51  3.8500632e+00 7.85e+01 2.80e+02  -1.0 1.58e+00   0.3 2.13e-01 2.78e-01h  1
  52  5.8329488e+00 5.61e+01 1.21e+03  -1.0 1.77e+00  -0.2 3.15e-01 8.91e-01h  1
  53  4.7079842e+00 2.39e+01 7.15e+02  -1.0 7.33e-01   0.2 1.81e-01 6.73e-01f  1
  54  3.8690819e+00 8.88e+00 1.02e+01  -1.0 7.34e-01  -0.3 3.07e-01 1.00e+00f  1
  55  3.6495412e+00 1.22e+01 2.28e+01  -1.0 4.80e+00  -0.8 2.88e-01 2.32e-01f  1
  56  3.1588353e+00 6.79e+01 4.97e+01  -1.0 1.31e+02    -  4.56e-02 9.09e-02f  1
  57  3.4853496e+00 5.97e+01 4.23e+01  -1.0 1.47e+00  -0.3 6.72e-01 6.55e-01h  1
  58  2.9710350e+00 6.58e+01 1.56e+02  -1.0 1.00e+01    -  4.15e-01 9.80e-01f  1
  59  3.0124003e+00 6.01e+01 1.42e+02  -1.0 7.01e-01   0.1 1.00e+00 8.72e-02h  3
iter    objective    inf_pr   inf_du lg(mu)  ||d||  lg(rg) alpha_du alpha_pr  ls
  60  3.0616613e+00 5.50e+01 1.28e+02  -1.0 2.74e+00  -0.4 2.98e-01 9.45e-02h  3
  61  3.7158711e+00 3.86e+01 6.40e+01  -1.0 6.32e-01   0.1 1.00e+00 5.83e-01H  1
  62  3.7708148e+00 4.70e+01 3.11e+03  -1.0 1.03e+00  -0.4 2.86e-01 8.89e-01H  1
  63  4.0639244e+00 9.21e+00 2.59e+02  -1.0 3.49e-01   0.9 1.00e+00 1.00e+00h  1
  64  3.7848012e+00 8.48e+00 6.12e+02  -1.0 2.91e-01   0.4 1.00e+00 1.00e+00h  1
  65  3.5601611e+00 5.51e+00 8.46e+01  -1.0 2.73e-01  -0.1 1.00e+00 1.00e+00h  1
  66  3.2531856e+00 4.02e+01 8.91e+01  -1.0 3.28e+01    -  5.20e-02 1.08e-01f  2
  67  3.3100640e+00 3.76e+01 7.22e+01  -1.0 5.26e-01  -0.5 7.98e-01 2.28e-01h  2
  68  3.6943637e+00 4.36e+00 1.88e+01  -1.0 1.14e+00  -1.0 8.80e-01 1.00e+00h  1
  69  3.2883841e+00 1.91e+01 6.61e+01  -1.0 5.15e+00    -  8.50e-01 1.00e+00h  1
iter    objective    inf_pr   inf_du lg(mu)  ||d||  lg(rg) alpha_du alpha_pr  ls
  70  3.3654641e+00 1.61e+01 1.91e+01  -1.0 1.29e-01   0.3 1.00e+00 6.58e-01h  1
  71  3.0667477e+00 4.36e+01 5.84e+01  -1.0 1.26e+01    -  1.58e-01 2.44e-01h  2
  72  3.2054069e+00 3.64e+01 3.51e+01  -1.0 2.50e-01  -0.2 1.00e+00 3.82e-01h  2
  73  2.9803259e+00 7.71e+01 3.41e+01  -1.0 5.08e+00    -  4.06e-01 1.00e+00h  1
  74  3.0541944e+00 1.72e+01 6.31e+01  -1.0 5.54e+00    -  1.00e+00 5.00e-01h  2
  75  3.0645749e+00 5.25e+00 1.56e+01  -1.0 1.19e+01    -  1.00e+00 1.00e+00h  1
  76  3.0122488e+00 1.02e+02 1.83e+01  -1.0 5.31e+00    -  8.97e-01 1.00e+00h  1
  77  3.0671352e+00 1.08e+02 9.28e+00  -1.0 7.79e-01    -  1.00e+00 1.00e+00H  1
  78  3.1016933e+00 8.11e+01 9.01e+00  -1.0 1.60e+00    -  1.00e+00 2.03e-01h  3
  79  3.0733941e+00 4.90e+01 1.83e+01  -1.0 5.14e+00    -  2.97e-01 2.11e-01h  3
iter    objective    inf_pr   inf_du lg(mu)  ||d||  lg(rg) alpha_du alpha_pr  ls
  80  3.0967226e+00 4.07e+01 8.62e+01  -1.0 9.43e-01    -  1.00e+00 1.00e+00h  1
  81  3.0875993e+00 3.35e+00 1.51e+01  -1.0 3.76e-01    -  1.00e+00 1.00e+00h  1
  82  3.0539348e+00 1.40e+01 7.72e+00  -1.0 2.68e-01    -  1.00e+00 1.00e+00h  1
  83  3.0445086e+00 1.41e+01 5.71e+00  -1.0 4.56e-01    -  1.00e+00 1.00e+00h  1
  84  3.0479393e+00 1.03e-01 3.50e-01  -1.0 4.94e-02    -  1.00e+00 1.00e+00h  1
  85  1.1885104e+00 1.28e+00 1.47e+00  -1.7 3.26e-01    -  1.00e+00 1.00e+00f  1
  86  6.7447861e-01 6.02e-01 3.02e-01  -1.7 3.04e-01    -  1.00e+00 1.00e+00h  1
  87  6.5468741e-01 2.25e-01 4.97e-02  -1.7 2.19e-01    -  1.00e+00 1.00e+00h  1
  88  3.3712469e-01 4.24e-01 2.21e-01  -2.5 1.55e-01    -  1.00e+00 1.00e+00h  1
  89  2.7061299e-01 3.62e-01 1.01e-02  -2.5 3.19e-01    -  1.00e+00 1.00e+00h  1
iter    objective    inf_pr   inf_du lg(mu)  ||d||  lg(rg) alpha_du alpha_pr  ls
  90  2.3157494e-01 9.86e-02 1.78e-02  -3.8 3.66e-01    -  9.68e-01 1.00e+00h  1
  91  1.6422561e-01 4.46e+00 7.98e-03  -3.8 9.71e-01    -  1.00e+00 6.49e-01h  1
  92  1.1616443e-01 1.23e+00 3.30e-03  -3.8 5.16e-01    -  1.00e+00 1.00e+00h  1
  93  1.1485323e-01 1.52e-01 6.20e-04  -3.8 1.35e-01    -  1.00e+00 1.00e+00h  1
  94  6.8835941e-02 2.05e+00 3.51e-03  -5.7 5.65e-01    -  7.64e-01 1.00e+00h  1
  95  4.1674274e-02 2.48e+00 3.18e-03  -5.7 8.13e-01    -  7.38e-01 9.93e-01h  1
  96  4.1939305e-02 3.48e-01 2.09e-02  -5.7 3.53e-02  -0.6 7.39e-02 1.00e+00h  1
  97  4.0909946e-02 2.04e-02 4.68e-03  -5.7 3.80e-03  -1.1 1.00e+00 1.00e+00h  1
  98  3.9853958e-02 1.46e-02 5.00e-04  -5.7 9.28e-03  -1.6 1.00e+00 1.00e+00h  1
  99  3.6681090e-02 1.37e+00 1.12e-03  -5.7 5.48e+00    -  3.34e-02 1.85e-01h  1
iter    objective    inf_pr   inf_du lg(mu)  ||d||  lg(rg) alpha_du alpha_pr  ls
 100  3.5092781e-02 7.39e-02 2.06e-03  -5.7 3.72e-02  -2.1 1.00e+00 1.00e+00h  1
 101  3.2396284e-02 2.60e-01 7.45e-04  -5.7 5.48e-02  -3.0 9.81e-01 5.71e-01h  1
 102  3.2277300e-02 1.20e-01 2.87e-03  -5.7 9.69e-03  -1.7 1.00e+00 5.43e-01h  1
 103  3.1668320e-02 4.72e-02 3.81e-04  -5.7 1.03e-02  -2.2 1.00e+00 1.00e+00f  1
 104  3.0379077e-02 1.73e-01 2.62e-04  -5.7 9.54e-02  -3.1 1.00e+00 7.26e-01h  1
 105  2.9543539e-02 1.72e-01 4.25e-04  -5.7 1.03e-01  -3.2 1.00e+00 1.00e+00h  1
 106  2.9536583e-02 2.94e-03 7.26e-05  -5.7 5.05e-03  -1.8 1.00e+00 1.00e+00h  1
 107  2.9336177e-02 4.80e-02 7.91e-05  -5.7 3.62e-02  -2.8 1.00e+00 1.00e+00h  1
 108  2.9175379e-02 6.17e-02 5.37e-05  -5.7 3.80e-02  -2.8 1.00e+00 1.00e+00h  1
 109  2.8691638e-02 1.44e+00 3.28e-04  -5.7 1.76e-01  -3.8 1.00e+00 1.00e+00h  1
iter    objective    inf_pr   inf_du lg(mu)  ||d||  lg(rg) alpha_du alpha_pr  ls
 110  2.8716889e-02 3.58e-02 9.09e-05  -5.7 2.22e-02  -2.9 1.00e+00 1.00e+00h  1
 111  2.8698123e-02 4.36e-03 2.26e-05  -5.7 2.27e-02  -3.0 1.00e+00 1.00e+00h  1
 112  2.8697608e-02 7.77e-06 2.29e-05  -5.7 1.07e-03  -1.7 1.00e+00 1.00e+00h  1
 113  2.8695003e-02 8.39e-05 2.28e-05  -5.7 3.21e-03  -2.1 1.00e+00 1.00e+00h  1
 114  2.8694028e-02 1.17e-05 2.29e-05  -5.7 1.21e-03  -1.7 1.00e+00 1.00e+00h  1
 115  2.8691081e-02 1.03e-04 2.30e-05  -5.7 3.65e-03  -2.2 1.00e+00 1.00e+00h  1
 116  2.8689991e-02 1.44e-05 2.31e-05  -5.7 1.37e-03  -1.8 1.00e+00 1.00e+00h  1
 117  2.8686759e-02 1.27e-04 2.32e-05  -5.7 4.14e-03  -2.3 1.00e+00 1.00e+00h  1
 118  2.8662919e-02 8.87e-03 2.37e-05  -5.7 3.82e-02  -3.2 1.00e+00 1.00e+00h  1
 119  2.8642178e-02 9.74e-03 2.39e-05  -5.7 4.34e-02  -3.3 1.00e+00 1.00e+00h  1
iter    objective    inf_pr   inf_du lg(mu)  ||d||  lg(rg) alpha_du alpha_pr  ls
 120  2.8641503e-02 1.74e-05 2.49e-05  -5.7 2.10e-03  -1.9 1.00e+00 1.00e+00h  1
 121  2.8638753e-02 1.92e-04 2.41e-05  -5.7 6.12e-03  -2.4 1.00e+00 1.00e+00h  1
 122  2.8617657e-02 1.35e-02 2.36e-05  -5.7 5.45e-02  -3.4 1.00e+00 1.00e+00h  1
 123  2.8461255e-02 7.15e-01 3.65e-04  -5.7 5.93e-01  -4.3 7.31e-01 1.00e+00h  1
 124  2.8528309e-02 1.32e+00 1.06e-02  -5.7 6.97e-02  -2.1 3.67e-01 8.26e-01h  1
 125  2.8468833e-02 2.44e-01 8.97e-03  -5.7 1.53e-02  -2.6 1.00e+00 1.00e+00h  1
 126  2.8445731e-02 1.04e-02 7.70e-04  -5.7 8.32e-03  -2.1 1.00e+00 1.00e+00h  1
 127  2.8378744e-02 3.88e-01 2.99e-03  -5.7 2.14e-02  -3.1 1.00e+00 1.00e+00h  1
 128  2.8378170e-02 1.72e-03 2.79e-05  -5.7 1.60e-03  -1.8 1.00e+00 1.00e+00h  1
 129  2.8371772e-02 4.00e-03 6.18e-05  -5.7 2.94e-03  -2.2 1.00e+00 1.00e+00h  1
iter    objective    inf_pr   inf_du lg(mu)  ||d||  lg(rg) alpha_du alpha_pr  ls
 130  2.8221982e-02 3.67e+01 1.67e-02  -5.7 1.03e+00    -  1.32e-01 3.22e-01h  1
 131  2.8246723e-02 5.95e+00 2.69e-02  -5.7 2.35e-01  -2.7 1.00e+00 1.00e+00h  1
 132  2.8184440e-02 1.17e-01 5.60e-03  -5.7 7.25e-01  -3.7 4.19e-01 1.00e+00h  1
 133  2.8189176e-02 2.68e-03 4.27e-05  -5.7 7.04e-03  -2.3 1.00e+00 1.00e+00h  1
 134  2.8189680e-02 5.06e-04 1.99e-05  -5.7 1.61e-03  -1.9 1.00e+00 1.00e+00h  1
 135  2.8190027e-02 4.39e-03 1.97e-05  -5.7 4.81e-03  -2.4 1.00e+00 1.00e+00h  1
 136  2.8189444e-02 3.63e-02 2.91e-05  -5.7 1.40e-02  -2.9 1.00e+00 1.00e+00h  1
 137  2.8182628e-02 1.85e+00 1.70e-04  -5.7 1.03e-01  -3.8 1.00e+00 1.00e+00h  1
 138  2.8183833e-02 3.45e-02 5.19e-05  -5.7 4.73e-03  -2.5 1.00e+00 1.00e+00h  1
 139  2.8183831e-02 5.81e-04 1.56e-05  -5.7 1.81e-03  -2.1 1.00e+00 1.00e+00h  1
iter    objective    inf_pr   inf_du lg(mu)  ||d||  lg(rg) alpha_du alpha_pr  ls
 140  2.7195989e-02 2.59e-01 2.11e-04  -7.0 2.73e-02  -3.0 9.54e-01 9.57e-01h  1
 141  2.6896721e-02 1.47e-01 1.54e-04  -7.0 2.41e-02  -3.1 1.00e+00 7.04e-01h  1
 142  2.6749377e-02 4.14e-02 1.00e-04  -7.0 2.83e-02  -3.1 1.00e+00 7.52e-01h  1
 143  2.6674404e-02 2.38e-02 7.30e-05  -7.0 3.33e-02  -3.2 1.00e+00 1.00e+00h  1
 144  2.6673826e-02 2.57e-04 5.30e-05  -7.0 3.69e-03  -1.8 1.00e+00 1.00e+00h  1
 145  2.6664691e-02 1.52e-03 5.35e-05  -7.0 1.44e-02  -2.8 1.00e+00 1.00e+00h  1
 146  2.6658507e-02 1.13e-03 3.04e-05  -7.0 1.64e-02  -2.8 1.00e+00 1.00e+00h  1
 147  2.6653312e-02 8.32e-04 3.30e-05  -7.0 1.86e-02  -2.9 1.00e+00 1.00e+00h  1
 148  2.6653091e-02 1.78e-06 2.21e-05  -7.0 8.19e-04  -1.6 1.00e+00 1.00e+00h  1
 149  2.6652405e-02 1.45e-05 2.36e-05  -7.0 2.61e-03  -2.0 1.00e+00 1.00e+00h  1
iter    objective    inf_pr   inf_du lg(mu)  ||d||  lg(rg) alpha_du alpha_pr  ls
 150  2.6646929e-02 9.50e-04 3.98e-05  -7.0 2.38e-02  -3.0 1.00e+00 1.00e+00h  1
 151  2.6644950e-02 1.22e-04 2.58e-05  -7.0 8.82e-03  -2.6 1.00e+00 1.00e+00h  1
 152  2.6644216e-02 1.68e-05 2.39e-05  -7.0 3.32e-03  -2.1 1.00e+00 1.00e+00h  1
 153  2.6642060e-02 1.45e-04 2.68e-05  -7.0 1.00e-02  -2.6 1.00e+00 1.00e+00h  1
 154  2.6639674e-02 1.79e-04 2.77e-05  -7.0 1.13e-02  -2.7 1.00e+00 1.00e+00h  1
 155  2.6637023e-02 2.22e-04 2.90e-05  -7.0 1.28e-02  -2.7 1.00e+00 1.00e+00h  1
 156  2.6634071e-02 2.79e-04 3.06e-05  -7.0 1.44e-02  -2.8 1.00e+00 1.00e+00h  1
 157  2.6630780e-02 3.54e-04 3.26e-05  -7.0 1.62e-02  -2.8 1.00e+00 1.00e+00h  1
 158  2.6627109e-02 4.51e-04 3.54e-05  -7.0 1.82e-02  -2.9 1.00e+00 1.00e+00h  1
 159  2.6625725e-02 6.34e-05 2.53e-05  -7.0 6.77e-03  -2.5 1.00e+00 1.00e+00h  1
iter    objective    inf_pr   inf_du lg(mu)  ||d||  lg(rg) alpha_du alpha_pr  ls
 160  2.6613692e-02 5.28e-03 1.68e-04  -7.0 6.29e-02  -3.4 1.00e+00 1.00e+00h  1
 161  2.6599168e-02 1.03e-02 5.69e-04  -7.0 9.99e-02  -3.5 1.00e+00 1.00e+00h  1
 162  2.6598843e-02 9.09e-05 1.50e-05  -7.0 1.98e-03  -2.1 1.00e+00 1.00e+00h  1
 163  2.6596648e-02 1.48e-04 2.77e-05  -7.0 9.44e-03  -2.6 1.00e+00 1.00e+00h  1
 164  2.6594270e-02 1.84e-04 2.88e-05  -7.0 1.06e-02  -2.7 1.00e+00 1.00e+00h  1
 165  2.6593391e-02 2.52e-05 2.38e-05  -7.0 3.95e-03  -2.2 1.00e+00 1.00e+00h  1
 166  2.6585680e-02 1.83e-03 8.88e-05  -7.0 3.60e-02  -3.2 1.00e+00 1.00e+00h  1
 167  2.6582769e-02 2.47e-04 3.18e-05  -7.0 1.29e-02  -2.8 1.00e+00 1.00e+00h  1
 168  2.6557841e-02 1.86e-02 9.23e-04  -7.0 1.20e-01  -3.7 1.00e+00 1.00e+00h  1
 169  2.6555959e-02 5.42e-05 1.73e-05  -7.0 4.24e-03  -2.4 1.00e+00 1.00e+00h  1
iter    objective    inf_pr   inf_du lg(mu)  ||d||  lg(rg) alpha_du alpha_pr  ls
 170  2.6555442e-02 5.97e-06 2.01e-05  -7.0 1.81e-03  -2.0 1.00e+00 1.00e+00h  1
 171  2.6554071e-02 4.96e-05 2.27e-05  -7.0 5.59e-03  -2.4 1.00e+00 1.00e+00h  1
 172  2.6542423e-02 3.85e-03 2.64e-04  -7.0 5.02e-02  -3.4 1.00e+00 1.00e+00h  1
 173  2.6529682e-02 4.54e-03 4.08e-04  -7.0 5.20e-02  -3.4 1.00e+00 1.00e+00h  1
 174  2.6528979e-02 1.02e-05 1.32e-05  -7.0 1.72e-03  -2.1 1.00e+00 1.00e+00h  1
 175  2.6527190e-02 8.78e-05 2.26e-05  -7.0 6.88e-03  -2.6 1.00e+00 1.00e+00h  1
 176  2.6526532e-02 1.23e-05 1.81e-05  -7.0 2.55e-03  -2.2 1.00e+00 1.00e+00h  1
 177  2.6520808e-02 9.76e-04 1.05e-04  -7.0 2.28e-02  -3.1 1.00e+00 1.00e+00h  1
 178  2.6518670e-02 1.33e-04 2.36e-05  -7.0 8.02e-03  -2.7 1.00e+00 1.00e+00h  1
 179  2.6517876e-02 1.88e-05 1.74e-05  -7.0 3.03e-03  -2.3 1.00e+00 1.00e+00h  1
iter    objective    inf_pr   inf_du lg(mu)  ||d||  lg(rg) alpha_du alpha_pr  ls
 180  2.6511039e-02 1.48e-03 1.93e-04  -7.0 2.69e-02  -3.2 1.00e+00 1.00e+00h  1
 181  2.6510708e-02 2.81e-06 1.11e-05  -7.0 8.71e-04  -1.9 1.00e+00 1.00e+00h  1
 182  2.6509748e-02 2.88e-05 1.71e-05  -7.0 3.62e-03  -2.4 1.00e+00 1.00e+00h  1
 183  2.6509392e-02 4.04e-06 1.55e-05  -7.0 1.35e-03  -1.9 1.00e+00 1.00e+00h  1
 184  2.6506270e-02 3.23e-04 4.79e-05  -7.0 1.20e-02  -2.9 1.00e+00 1.00e+00h  1
 185  2.6505110e-02 4.47e-05 1.70e-05  -7.0 4.33e-03  -2.5 1.00e+00 1.00e+00h  1
 186  2.6504677e-02 6.29e-06 1.50e-05  -7.0 1.63e-03  -2.0 1.00e+00 1.00e+00h  1
 187  2.6500895e-02 5.02e-04 8.56e-05  -7.0 1.45e-02  -3.0 1.00e+00 1.00e+00h  1
 188  2.6499496e-02 6.91e-05 1.75e-05  -7.0 5.16e-03  -2.6 1.00e+00 1.00e+00h  1
 189  2.6499431e-02 1.49e-07 1.30e-05  -7.0 2.29e-04  -1.2 1.00e+00 1.00e+00h  1
iter    objective    inf_pr   inf_du lg(mu)  ||d||  lg(rg) alpha_du alpha_pr  ls
 190  2.6499235e-02 1.37e-06 1.40e-05  -7.0 7.36e-04  -1.7 1.00e+00 1.00e+00h  1
 191  2.6499162e-02 1.93e-07 1.39e-05  -7.0 2.76e-04  -1.3 1.00e+00 1.00e+00h  1
 192  2.6498942e-02 1.74e-06 1.40e-05  -7.0 8.27e-04  -1.8 1.00e+00 1.00e+00h  1
 193  2.6498289e-02 1.56e-05 1.47e-05  -7.0 2.47e-03  -2.3 1.00e+00 1.00e+00h  1
 194  2.6492673e-02 1.23e-03 2.43e-04  -7.0 2.15e-02  -3.2 1.00e+00 1.00e+00h  1
 195  2.6486747e-02 1.49e-03 3.46e-04  -7.0 2.23e-02  -3.3 1.00e+00 1.00e+00h  1
 196  2.6486473e-02 2.81e-06 9.99e-06  -7.0 8.48e-04  -1.9 1.00e+00 1.00e+00h  1
 197  2.6484078e-02 2.59e-04 5.28e-05  -7.0 8.97e-03  -2.9 1.00e+00 1.00e+00h  1
 198  2.6483194e-02 3.59e-05 1.32e-05  -7.0 3.25e-03  -2.5 1.00e+00 1.00e+00h  1
 199  2.6482865e-02 5.05e-06 1.16e-05  -7.0 1.22e-03  -2.0 1.00e+00 1.00e+00h  1
iter    objective    inf_pr   inf_du lg(mu)  ||d||  lg(rg) alpha_du alpha_pr  ls
 200  2.6479999e-02 4.04e-04 1.01e-04  -7.0 1.08e-02  -3.0 1.00e+00 1.00e+00h  1
 201  2.6478943e-02 5.56e-05 1.34e-05  -7.0 3.87e-03  -2.6 1.00e+00 1.00e+00h  1
 202  2.6478551e-02 7.83e-06 1.11e-05  -7.0 1.46e-03  -2.1 1.00e+00 1.00e+00h  1
 203  2.6475163e-02 6.24e-04 1.58e-04  -7.0 1.28e-02  -3.1 1.00e+00 1.00e+00h  1
 204  2.6475004e-02 1.25e-06 8.89e-06  -7.0 5.10e-04  -1.8 1.00e+00 1.00e+00h  1
 205  2.6474533e-02 1.22e-05 1.08e-05  -7.0 1.75e-03  -2.2 1.00e+00 1.00e+00h  1
 206  2.6474357e-02 1.71e-06 1.02e-05  -7.0 6.52e-04  -1.8 1.00e+00 1.00e+00h  1
 207  2.6473836e-02 1.54e-05 1.08e-05  -7.0 1.95e-03  -2.3 1.00e+00 1.00e+00h  1
 208  2.6469410e-02 1.21e-03 2.88e-04  -7.0 1.69e-02  -3.2 1.00e+00 1.00e+00h  1
 209  2.6464775e-02 1.46e-03 2.57e-04  -7.0 1.74e-02  -3.3 1.00e+00 1.00e+00h  1
iter    objective    inf_pr   inf_du lg(mu)  ||d||  lg(rg) alpha_du alpha_pr  ls
 210  2.6463075e-02 1.99e-04 3.09e-05  -7.0 6.06e-03  -2.9 1.00e+00 1.00e+00h  1
 211  2.6462995e-02 4.23e-07 7.96e-06  -7.0 2.74e-04  -1.5 1.00e+00 1.00e+00h  1
 212  2.6462760e-02 3.97e-06 8.64e-06  -7.0 8.73e-04  -2.0 1.00e+00 1.00e+00h  1
 213  2.6462672e-02 5.58e-07 8.44e-06  -7.0 3.26e-04  -1.6 1.00e+00 1.00e+00h  1
 214  2.6462411e-02 5.02e-06 8.63e-06  -7.0 9.78e-04  -2.1 1.00e+00 1.00e+00h  1
 215  2.6462313e-02 7.05e-07 8.40e-06  -7.0 3.65e-04  -1.6 1.00e+00 1.00e+00h  1
 216  2.6462022e-02 6.33e-06 8.63e-06  -7.0 1.09e-03  -2.1 1.00e+00 1.00e+00h  1
 217  2.6461159e-02 5.66e-05 1.07e-05  -7.0 3.25e-03  -2.6 1.00e+00 1.00e+00h  1
 218  2.6460837e-02 7.91e-06 8.47e-06  -7.0 1.20e-03  -2.2 1.00e+00 1.00e+00h  1
 219  2.6459888e-02 7.09e-05 1.11e-05  -7.0 3.58e-03  -2.6 1.00e+00 1.00e+00h  1
iter    objective    inf_pr   inf_du lg(mu)  ||d||  lg(rg) alpha_du alpha_pr  ls
 220  2.6459534e-02 9.88e-06 8.35e-06  -7.0 1.32e-03  -2.2 1.00e+00 1.00e+00h  1
 221  2.6458492e-02 8.85e-05 1.15e-05  -7.0 3.93e-03  -2.7 1.00e+00 1.00e+00h  1
 222  2.6458104e-02 1.23e-05 8.24e-06  -7.0 1.44e-03  -2.3 1.00e+00 1.00e+00h  1
 223  2.6457959e-02 1.74e-06 7.83e-06  -7.0 5.42e-04  -1.8 1.00e+00 1.00e+00h  1
 224  2.6457527e-02 1.56e-05 8.37e-06  -7.0 1.62e-03  -2.3 1.00e+00 1.00e+00h  1
 225  2.6457366e-02 2.18e-06 7.76e-06  -7.0 6.03e-04  -1.9 1.00e+00 1.00e+00h  1
 226  2.6456887e-02 1.96e-05 8.44e-06  -7.0 1.80e-03  -2.4 1.00e+00 1.00e+00h  1
 227  2.6456708e-02 2.75e-06 7.69e-06  -7.0 6.70e-04  -1.9 1.00e+00 1.00e+00h  1
 228  2.6455140e-02 2.20e-04 1.61e-05  -7.0 5.94e-03  -2.9 1.00e+00 1.00e+00h  1
 229  2.6454557e-02 3.05e-05 8.37e-06  -7.0 2.21e-03  -2.5 1.00e+00 1.00e+00h  1
iter    objective    inf_pr   inf_du lg(mu)  ||d||  lg(rg) alpha_du alpha_pr  ls
 230  2.6449790e-02 2.39e-03 1.21e-04  -7.0 1.89e-02  -3.4 1.00e+00 1.00e+00h  1
 231  2.6449545e-02 4.35e-06 2.13e-05  -7.0 9.59e-04  -2.1 1.00e+00 1.00e+00h  1
 232  2.6448889e-02 4.63e-05 6.80e-05  -7.0 2.67e-03  -2.6 1.00e+00 1.00e+00h  1
 233  2.6448648e-02 6.47e-06 7.05e-06  -7.0 9.99e-04  -2.2 1.00e+00 1.00e+00h  1
 234  2.6446586e-02 5.16e-04 3.66e-05  -7.0 8.75e-03  -3.1 1.00e+00 1.00e+00h  1
 235  2.6446490e-02 1.05e-06 7.07e-06  -7.0 4.22e-04  -1.8 1.00e+00 1.00e+00h  1
 236  2.6445645e-02 9.04e-05 2.11e-05  -7.0 3.66e-03  -2.7 1.00e+00 1.00e+00h  1
 237  2.6445333e-02 1.26e-05 6.80e-06  -7.0 1.37e-03  -2.3 1.00e+00 1.00e+00h  1
 238  2.6445217e-02 1.77e-06 6.79e-06  -7.0 5.13e-04  -1.9 1.00e+00 1.00e+00h  1
 239  2.6444871e-02 1.59e-05 6.75e-06  -7.0 1.53e-03  -2.4 1.00e+00 1.00e+00h  1
iter    objective    inf_pr   inf_du lg(mu)  ||d||  lg(rg) alpha_du alpha_pr  ls
 240  2.6444742e-02 2.23e-06 6.75e-06  -7.0 5.74e-04  -1.9 1.00e+00 1.00e+00h  1
 241  2.6443614e-02 1.79e-04 1.81e-05  -7.0 5.08e-03  -2.9 1.00e+00 1.00e+00h  1
 242  2.6443199e-02 2.49e-05 6.62e-06  -7.0 1.90e-03  -2.5 1.00e+00 1.00e+00h  1
 243  2.6439797e-02 1.95e-03 1.89e-04  -7.0 1.61e-02  -3.4 1.00e+00 1.00e+00h  1
 244  2.6439646e-02 3.64e-06 6.55e-06  -7.0 7.94e-04  -2.1 1.00e+00 1.00e+00h  1
 245  2.6439185e-02 3.79e-05 1.49e-05  -7.0 2.26e-03  -2.6 1.00e+00 1.00e+00h  1
 246  2.6439016e-02 5.30e-06 6.21e-06  -7.0 8.46e-04  -2.1 1.00e+00 1.00e+00h  1
 247  2.6438518e-02 4.75e-05 6.20e-06  -7.0 2.53e-03  -2.6 1.00e+00 1.00e+00h  1
 248  2.6437969e-02 5.96e-05 6.29e-06  -7.0 2.85e-03  -2.7 1.00e+00 1.00e+00h  1
 249  2.6437766e-02 8.33e-06 6.18e-06  -7.0 1.07e-03  -2.2 1.00e+00 1.00e+00h  1
iter    objective    inf_pr   inf_du lg(mu)  ||d||  lg(rg) alpha_du alpha_pr  ls
 250  2.6436037e-02 6.63e-04 5.78e-05  -7.0 9.53e-03  -3.2 1.00e+00 1.00e+00h  1
 251  2.6435961e-02 1.33e-06 6.15e-06  -7.0 4.47e-04  -1.9 1.00e+00 1.00e+00h  1
 252  2.6435264e-02 1.16e-04 8.52e-06  -7.0 4.00e-03  -2.8 1.00e+00 1.00e+00h  1
 253  2.6434509e-02 1.45e-04 1.09e-05  -7.0 4.49e-03  -2.9 1.00e+00 1.00e+00h  1
 254  2.6434232e-02 2.02e-05 6.09e-06  -7.0 1.68e-03  -2.4 1.00e+00 1.00e+00h  1
 255  2.6434129e-02 2.84e-06 6.09e-06  -7.0 6.30e-04  -2.0 1.00e+00 1.00e+00h  1
 256  2.6433230e-02 2.28e-04 1.62e-05  -7.0 5.65e-03  -3.0 1.00e+00 1.00e+00h  1
 257  2.6432902e-02 3.15e-05 6.05e-06  -7.0 2.11e-03  -2.5 1.00e+00 1.00e+00h  1
 258  2.6432780e-02 4.44e-06 6.05e-06  -7.0 7.93e-04  -2.1 1.00e+00 1.00e+00h  1
 259  2.6431727e-02 3.55e-04 2.30e-05  -7.0 7.09e-03  -3.1 1.00e+00 1.00e+00h  1
iter    objective    inf_pr   inf_du lg(mu)  ||d||  lg(rg) alpha_du alpha_pr  ls
 260  2.6430620e-02 4.39e-04 2.52e-05  -7.0 7.93e-03  -3.1 1.00e+00 1.00e+00h  1
 261  2.6430571e-02 8.98e-07 5.98e-06  -7.0 3.72e-04  -1.8 1.00e+00 1.00e+00h  1
 262  2.6430418e-02 8.61e-06 5.97e-06  -7.0 1.11e-03  -2.3 1.00e+00 1.00e+00h  1
 263  2.6429125e-02 6.83e-04 3.60e-05  -7.0 9.95e-03  -3.2 1.00e+00 1.00e+00h  1
 264  2.6427792e-02 8.36e-04 3.71e-05  -7.0 1.11e-02  -3.3 1.00e+00 1.00e+00h  1
 265  2.6426427e-02 1.02e-03 3.94e-05  -7.0 1.24e-02  -3.3 1.00e+00 1.00e+00h  1
 266  2.6425041e-02 1.25e-03 4.09e-05  -7.0 1.37e-02  -3.4 1.00e+00 1.00e+00h  1
 267  2.6424983e-02 2.43e-06 5.76e-06  -7.0 6.45e-04  -2.0 1.00e+00 1.00e+00h  1
 268  2.6424433e-02 2.18e-04 7.88e-06  -7.0 5.76e-03  -3.0 1.00e+00 1.00e+00h  1
 269  2.6424233e-02 3.03e-05 5.70e-06  -7.0 2.16e-03  -2.6 1.00e+00 1.00e+00h  1
iter    objective    inf_pr   inf_du lg(mu)  ||d||  lg(rg) alpha_du alpha_pr  ls
 270  2.6424158e-02 4.26e-06 5.70e-06  -7.0 8.09e-04  -2.2 1.00e+00 1.00e+00h  1
 271  2.6424130e-02 5.99e-07 5.70e-06  -7.0 3.03e-04  -1.7 1.00e+00 1.00e+00h  1
 272  2.6424047e-02 5.38e-06 5.69e-06  -7.0 9.09e-04  -2.2 1.00e+00 1.00e+00h  1
 273  2.6424016e-02 7.55e-07 5.69e-06  -7.0 3.41e-04  -1.8 1.00e+00 1.00e+00h  1
 274  2.6424004e-02 1.06e-07 5.69e-06  -7.0 1.28e-04  -1.4 1.00e+00 1.00e+00h  1
 275  2.6423970e-02 9.56e-07 5.69e-06  -7.0 3.83e-04  -1.8 1.00e+00 1.00e+00h  1
 276  2.6423662e-02 7.69e-05 5.67e-06  -7.0 3.44e-03  -2.8 1.00e+00 1.00e+00h  1
 277  2.6423326e-02 9.62e-05 5.65e-06  -7.0 3.86e-03  -2.8 1.00e+00 1.00e+00h  1
 278  2.6422959e-02 1.20e-04 5.63e-06  -7.0 4.32e-03  -2.9 1.00e+00 1.00e+00h  1
 279  2.6422561e-02 1.50e-04 5.61e-06  -7.0 4.84e-03  -2.9 1.00e+00 1.00e+00h  1
iter    objective    inf_pr   inf_du lg(mu)  ||d||  lg(rg) alpha_du alpha_pr  ls
 280  2.6422415e-02 2.09e-05 5.60e-06  -7.0 1.81e-03  -2.5 1.00e+00 1.00e+00h  1
 281  2.6422361e-02 2.95e-06 5.60e-06  -7.0 6.79e-04  -2.1 1.00e+00 1.00e+00h  1
 282  2.6422340e-02 4.14e-07 5.60e-06  -7.0 2.55e-04  -1.7 1.00e+00 1.00e+00h  1
 283  2.6422279e-02 3.72e-06 5.59e-06  -7.0 7.64e-04  -2.1 1.00e+00 1.00e+00h  1
 284  2.6422099e-02 3.33e-05 5.58e-06  -7.0 2.29e-03  -2.6 1.00e+00 1.00e+00h  1
 285  2.6422032e-02 4.66e-06 5.58e-06  -7.0 8.57e-04  -2.2 1.00e+00 1.00e+00h  1
 286  2.6421834e-02 4.18e-05 5.56e-06  -7.0 2.56e-03  -2.7 1.00e+00 1.00e+00h  1
 287  2.6421761e-02 5.85e-06 5.56e-06  -7.0 9.61e-04  -2.2 1.00e+00 1.00e+00h  1
 288  2.6421544e-02 5.24e-05 5.55e-06  -7.0 2.88e-03  -2.7 1.00e+00 1.00e+00h  1
 289  2.6421464e-02 7.32e-06 5.54e-06  -7.0 1.08e-03  -2.3 1.00e+00 1.00e+00h  1
iter    objective    inf_pr   inf_du lg(mu)  ||d||  lg(rg) alpha_du alpha_pr  ls
 290  2.6421228e-02 6.56e-05 5.52e-06  -7.0 3.22e-03  -2.8 1.00e+00 1.00e+00h  1
 291  2.6420969e-02 8.22e-05 5.51e-06  -7.0 3.61e-03  -2.8 1.00e+00 1.00e+00h  1
 292  2.6420873e-02 1.15e-05 5.50e-06  -7.0 1.35e-03  -2.4 1.00e+00 1.00e+00h  1
 293  2.6420063e-02 9.09e-04 1.42e-05  -7.0 1.20e-02  -3.3 1.00e+00 1.00e+00h  1
 294  2.6420029e-02 1.80e-06 5.45e-06  -7.0 5.66e-04  -2.0 1.00e+00 1.00e+00h  1
 295  2.6419919e-02 1.78e-05 5.43e-06  -7.0 1.69e-03  -2.5 1.00e+00 1.00e+00h  1
 296  2.6419878e-02 2.49e-06 5.43e-06  -7.0 6.34e-04  -2.1 1.00e+00 1.00e+00h  1
 297  2.6419519e-02 2.00e-04 5.40e-06  -7.0 5.67e-03  -3.0 1.00e+00 1.00e+00h  1
 298  2.6419133e-02 2.48e-04 5.37e-06  -7.0 6.35e-03  -3.1 1.00e+00 1.00e+00h  1
 299  2.6418992e-02 3.44e-05 5.36e-06  -7.0 2.37e-03  -2.6 1.00e+00 1.00e+00h  1
iter    objective    inf_pr   inf_du lg(mu)  ||d||  lg(rg) alpha_du alpha_pr  ls
 300  2.6418939e-02 4.84e-06 5.35e-06  -7.0 8.90e-04  -2.2 1.00e+00 1.00e+00h  1
 301  2.6418483e-02 3.87e-04 5.31e-06  -7.0 7.95e-03  -3.2 1.00e+00 1.00e+00h  1
 302  2.6417998e-02 4.78e-04 5.27e-06  -7.0 8.86e-03  -3.2 1.00e+00 1.00e+00h  1
 303  2.6417976e-02 9.78e-07 5.27e-06  -7.0 4.16e-04  -1.9 1.00e+00 1.00e+00h  1
 304  2.6417778e-02 8.40e-05 5.24e-06  -7.0 3.72e-03  -2.9 1.00e+00 1.00e+00h  1
 305  2.6417561e-02 1.05e-04 5.22e-06  -7.0 4.17e-03  -2.9 1.00e+00 1.00e+00h  1
 306  2.6417323e-02 1.32e-04 5.20e-06  -7.0 4.67e-03  -3.0 1.00e+00 1.00e+00h  1
 307  2.6417236e-02 1.83e-05 5.19e-06  -7.0 1.75e-03  -2.5 1.00e+00 1.00e+00h  1
 308  2.6417203e-02 2.58e-06 5.19e-06  -7.0 6.56e-04  -2.1 1.00e+00 1.00e+00h  1
 309  2.6417106e-02 2.31e-05 5.18e-06  -7.0 1.96e-03  -2.6 1.00e+00 1.00e+00h  1
iter    objective    inf_pr   inf_du lg(mu)  ||d||  lg(rg) alpha_du alpha_pr  ls
 310  2.6416998e-02 2.91e-05 5.17e-06  -7.0 2.20e-03  -2.6 1.00e+00 1.00e+00h  1
 311  2.6416957e-02 4.07e-06 5.16e-06  -7.0 8.26e-04  -2.2 1.00e+00 1.00e+00h  1
 312  2.6416942e-02 5.73e-07 5.16e-06  -7.0 3.10e-04  -1.8 1.00e+00 1.00e+00h  1
 313  2.6416808e-02 4.62e-05 5.14e-06  -7.0 2.78e-03  -2.7 1.00e+00 1.00e+00h  1
 314  2.6416661e-02 5.80e-05 5.13e-06  -7.0 3.12e-03  -2.8 1.00e+00 1.00e+00h  1
 315  2.6416606e-02 8.10e-06 5.12e-06  -7.0 1.17e-03  -2.4 1.00e+00 1.00e+00h  1
 316  2.6416132e-02 6.44e-04 5.07e-06  -7.0 1.04e-02  -3.3 1.00e+00 1.00e+00h  1
 317  2.6415633e-02 7.90e-04 5.01e-06  -7.0 1.15e-02  -3.4 1.00e+00 1.00e+00h  1
 318  2.6415611e-02 1.58e-06 5.01e-06  -7.0 5.42e-04  -2.0 1.00e+00 1.00e+00h  1
 319  2.6415407e-02 1.39e-04 4.98e-06  -7.0 4.84e-03  -3.0 1.00e+00 1.00e+00h  1
iter    objective    inf_pr   inf_du lg(mu)  ||d||  lg(rg) alpha_du alpha_pr  ls
 320  2.6415398e-02 2.93e-07 4.98e-06  -7.0 2.27e-04  -1.7 1.00e+00 1.00e+00h  1
 321  2.6415313e-02 2.45e-05 4.97e-06  -7.0 2.04e-03  -2.6 1.00e+00 1.00e+00h  1
 322  2.6415282e-02 3.43e-06 4.96e-06  -7.0 7.64e-04  -2.2 1.00e+00 1.00e+00h  1
 323  2.6415188e-02 3.07e-05 4.95e-06  -7.0 2.29e-03  -2.7 1.00e+00 1.00e+00h  1
 324  2.6415189e-02 3.07e-05 3.59e-04  -7.0 4.59e-01  -3.6 1.00e+00 3.73e-04h 12
 325  2.6415150e-02 5.44e-06 4.94e-06  -7.0 9.63e-04  -2.3 1.00e+00 1.00e+00h  1
 326  2.6414808e-02 4.34e-04 4.90e-06  -7.0 8.59e-03  -3.2 1.00e+00 1.00e+00h  1
 327  2.6414793e-02 8.90e-07 4.90e-06  -7.0 4.03e-04  -1.9 1.00e+00 1.00e+00h  1
 328  2.6414652e-02 7.62e-05 4.88e-06  -7.0 3.61e-03  -2.9 1.00e+00 1.00e+00h  1
 329  2.6414497e-02 9.54e-05 4.85e-06  -7.0 4.04e-03  -2.9 1.00e+00 1.00e+00h  1
iter    objective    inf_pr   inf_du lg(mu)  ||d||  lg(rg) alpha_du alpha_pr  ls
 330  2.6414327e-02 1.19e-04 4.83e-06  -7.0 4.52e-03  -3.0 1.00e+00 1.00e+00h  1
 331  2.6414263e-02 1.66e-05 4.82e-06  -7.0 1.69e-03  -2.5 1.00e+00 1.00e+00h  1
 332  2.6414240e-02 2.34e-06 4.82e-06  -7.0 6.34e-04  -2.1 1.00e+00 1.00e+00h  1
 333  2.6414031e-02 1.88e-04 4.78e-06  -7.0 5.67e-03  -3.1 1.00e+00 1.00e+00h  1
 334  2.6414022e-02 3.94e-07 4.79e-06  -7.0 2.66e-04  -1.7 1.00e+00 1.00e+00h  1
 335  2.6413993e-02 3.69e-06 4.78e-06  -7.0 7.96e-04  -2.2 1.00e+00 1.00e+00h  1
 336  2.6413982e-02 5.18e-07 4.78e-06  -7.0 2.98e-04  -1.8 1.00e+00 1.00e+00h  1
 337  2.6413885e-02 4.18e-05 4.76e-06  -7.0 2.68e-03  -2.8 1.00e+00 1.00e+00h  1
 338  2.6413849e-02 5.84e-06 4.76e-06  -7.0 1.00e-03  -2.3 1.00e+00 1.00e+00h  1
 339  2.6413835e-02 8.22e-07 4.75e-06  -7.0 3.76e-04  -1.9 1.00e+00 1.00e+00h  1
iter    objective    inf_pr   inf_du lg(mu)  ||d||  lg(rg) alpha_du alpha_pr  ls
 340  2.6413715e-02 6.62e-05 4.73e-06  -7.0 3.37e-03  -2.9 1.00e+00 1.00e+00h  1
 341  2.6413582e-02 8.29e-05 4.71e-06  -7.0 3.77e-03  -2.9 1.00e+00 1.00e+00h  1
 342  2.6413533e-02 1.16e-05 4.71e-06  -7.0 1.41e-03  -2.5 1.00e+00 1.00e+00h  1
 343  2.6413514e-02 1.63e-06 4.70e-06  -7.0 5.29e-04  -2.1 1.00e+00 1.00e+00h  1
 344  2.6413507e-02 2.29e-07 4.70e-06  -7.0 1.99e-04  -1.6 1.00e+00 1.00e+00h  1
 345  2.6413486e-02 2.06e-06 4.70e-06  -7.0 5.95e-04  -2.1 1.00e+00 1.00e+00h  1
 346  2.6413425e-02 1.85e-05 4.69e-06  -7.0 1.78e-03  -2.6 1.00e+00 1.00e+00h  1
 347  2.6412938e-02 1.45e-03 5.06e-06  -7.0 1.39e-02  -3.5 1.00e+00 1.00e+00h  1
 348  2.6412914e-02 2.79e-06 4.61e-06  -7.0 7.39e-04  -2.2 1.00e+00 1.00e+00h  1
 349  2.6412699e-02 2.52e-04 4.56e-06  -7.0 6.59e-03  -3.2 1.00e+00 1.00e+00h  1
iter    objective    inf_pr   inf_du lg(mu)  ||d||  lg(rg) alpha_du alpha_pr  ls
 350  2.6412464e-02 3.12e-04 4.52e-06  -7.0 7.34e-03  -3.2 1.00e+00 1.00e+00h  1
 351  2.6412453e-02 6.48e-07 4.52e-06  -7.0 3.44e-04  -1.9 1.00e+00 1.00e+00h  1
 352  2.6412420e-02 6.15e-06 4.51e-06  -7.0 1.03e-03  -2.4 1.00e+00 1.00e+00h  1
 353  2.6412133e-02 4.89e-04 4.46e-06  -7.0 9.16e-03  -3.3 1.00e+00 1.00e+00h  1
 354  2.6412120e-02 9.97e-07 4.46e-06  -7.0 4.29e-04  -2.0 1.00e+00 1.00e+00h  1
 355  2.6412001e-02 8.58e-05 4.43e-06  -7.0 3.84e-03  -2.9 1.00e+00 1.00e+00h  1
 356  2.6411027e-02 6.51e-03 6.61e-06  -7.0 3.30e-02  -3.9 1.00e+00 1.00e+00h  1
 357  2.6410896e-02 1.37e-04 4.20e-06  -7.0 4.60e-03  -3.0 1.00e+00 1.00e+00h  1
 358  2.6410750e-02 1.66e-04 4.16e-06  -7.0 5.13e-03  -3.1 1.00e+00 1.00e+00h  1
 359  2.6410588e-02 2.11e-04 4.12e-06  -7.0 5.72e-03  -3.1 1.00e+00 1.00e+00h  1
iter    objective    inf_pr   inf_du lg(mu)  ||d||  lg(rg) alpha_du alpha_pr  ls
 360  2.6410409e-02 2.69e-04 4.08e-06  -7.0 6.36e-03  -3.2 1.00e+00 1.00e+00h  1
 361  2.6410212e-02 3.44e-04 4.03e-06  -7.0 7.07e-03  -3.2 1.00e+00 1.00e+00h  1
 362  2.6409996e-02 4.40e-04 3.97e-06  -7.0 7.85e-03  -3.3 1.00e+00 1.00e+00h  1
 363  2.6409735e-02 6.74e-05 2.35e-05  -7.0 6.59e-02  -3.3 1.00e+00 1.00e+00H  1
 364  2.6409726e-02 1.25e-06 3.90e-06  -7.0 4.07e-04  -2.0 1.00e+00 1.00e+00h  1
 365  2.6409692e-02 1.13e-05 3.90e-06  -7.0 1.22e-03  -2.5 1.00e+00 1.00e+00h  1
 366  2.6409679e-02 1.59e-06 3.89e-06  -7.0 4.56e-04  -2.1 1.00e+00 1.00e+00h  1
 367  2.6409567e-02 1.29e-04 3.86e-06  -7.0 4.08e-03  -3.0 1.00e+00 1.00e+00h  1
 368  2.6409526e-02 1.82e-05 3.85e-06  -7.0 1.52e-03  -2.6 1.00e+00 1.00e+00h  1
 369  2.6409510e-02 2.56e-06 3.85e-06  -7.0 5.71e-04  -2.2 1.00e+00 1.00e+00h  1
iter    objective    inf_pr   inf_du lg(mu)  ||d||  lg(rg) alpha_du alpha_pr  ls
 370  2.6409373e-02 2.08e-04 3.81e-06  -7.0 5.09e-03  -3.1 1.00e+00 1.00e+00h  1
 371  2.6409221e-02 2.65e-04 3.77e-06  -7.0 5.66e-03  -3.2 1.00e+00 1.00e+00h  1
 372  2.6409214e-02 6.01e-07 3.77e-06  -7.0 2.65e-04  -1.8 1.00e+00 1.00e+00h  1
 373  2.6409151e-02 4.73e-05 3.75e-06  -7.0 2.37e-03  -2.8 1.00e+00 1.00e+00h  1
 374  2.6409127e-02 6.67e-06 3.74e-06  -7.0 8.89e-04  -2.4 1.00e+00 1.00e+00h  1
 375  2.6408920e-02 5.43e-04 3.68e-06  -7.0 7.87e-03  -3.3 1.00e+00 1.00e+00h  1
 376  2.6408910e-02 1.25e-06 3.68e-06  -7.0 3.69e-04  -2.0 1.00e+00 1.00e+00h  1
 377  2.6408881e-02 1.08e-05 3.67e-06  -7.0 1.10e-03  -2.5 1.00e+00 1.00e+00h  1
 378  2.6408870e-02 1.52e-06 3.66e-06  -7.0 4.13e-04  -2.1 1.00e+00 1.00e+00h  1
 379  2.6408773e-02 1.23e-04 3.63e-06  -7.0 3.69e-03  -3.0 1.00e+00 1.00e+00h  1
iter    objective    inf_pr   inf_du lg(mu)  ||d||  lg(rg) alpha_du alpha_pr  ls
 380  2.6408666e-02 1.57e-04 3.60e-06  -7.0 4.11e-03  -3.1 1.00e+00 1.00e+00h  1
 381  2.6408626e-02 2.22e-05 3.59e-06  -7.0 1.54e-03  -2.6 1.00e+00 1.00e+00h  1
 382  2.6408244e-02 9.55e-05 3.70e-05  -7.0 6.98e-02  -3.6 1.00e+00 1.00e+00H  1
 383  2.6408230e-02 4.07e-06 3.47e-06  -7.0 6.27e-04  -2.3 1.00e+00 1.00e+00h  1
 384  2.6408083e-02 3.31e-04 3.42e-06  -7.0 5.57e-03  -3.2 1.00e+00 1.00e+00h  1
 385  2.6408077e-02 7.54e-07 3.42e-06  -7.0 2.61e-04  -1.9 1.00e+00 1.00e+00h  1
 386  2.6408056e-02 6.56e-06 3.41e-06  -7.0 7.81e-04  -2.4 1.00e+00 1.00e+00h  1
 387  2.6408049e-02 9.23e-07 3.41e-06  -7.0 2.93e-04  -1.9 1.00e+00 1.00e+00h  1
 388  2.6408026e-02 8.30e-06 3.40e-06  -7.0 8.76e-04  -2.4 1.00e+00 1.00e+00h  1
 389  2.6408017e-02 1.17e-06 3.40e-06  -7.0 3.28e-04  -2.0 1.00e+00 1.00e+00h  1
iter    objective    inf_pr   inf_du lg(mu)  ||d||  lg(rg) alpha_du alpha_pr  ls
 390  2.6407992e-02 1.05e-05 3.39e-06  -7.0 9.82e-04  -2.5 1.00e+00 1.00e+00h  1
 391  2.6407982e-02 1.48e-06 3.39e-06  -7.0 3.68e-04  -2.0 1.00e+00 1.00e+00h  1
 392  2.6407898e-02 1.20e-04 3.36e-06  -7.0 3.28e-03  -3.0 1.00e+00 1.00e+00h  1
 393  2.6407866e-02 1.70e-05 3.35e-06  -7.0 1.23e-03  -2.6 1.00e+00 1.00e+00h  1
 394  2.6407593e-02 1.38e-03 3.25e-06  -7.0 1.07e-02  -3.5 1.00e+00 1.00e+00h  1
 395  2.6407580e-02 3.27e-06 3.25e-06  -7.0 5.02e-04  -2.2 1.00e+00 1.00e+00h  1
 396  2.6407575e-02 4.31e-07 3.25e-06  -7.0 1.88e-04  -1.8 1.00e+00 1.00e+00h  1
 397  2.6407532e-02 3.49e-05 3.23e-06  -7.0 1.68e-03  -2.7 1.00e+00 1.00e+00h  1
 398  2.6407485e-02 4.43e-05 3.21e-06  -7.0 1.89e-03  -2.8 1.00e+00 1.00e+00h  1
 399  2.6407467e-02 6.25e-06 3.21e-06  -7.0 7.06e-04  -2.3 1.00e+00 1.00e+00h  1
iter    objective    inf_pr   inf_du lg(mu)  ||d||  lg(rg) alpha_du alpha_pr  ls
 400  2.6407460e-02 8.79e-07 3.20e-06  -7.0 2.64e-04  -1.9 1.00e+00 1.00e+00h  1
 401  2.6407400e-02 7.13e-05 3.18e-06  -7.0 2.36e-03  -2.9 1.00e+00 1.00e+00h  1
 402  2.6407029e-02 5.90e-03 9.96e-06  -7.0 1.35e-02  -3.8 1.00e+00 1.00e+00h  1
 403  2.6406496e-02 7.78e-03 2.85e-06  -7.0 2.13e-02  -3.9 1.00e+00 1.00e+00h  1
 404  2.6406470e-02 2.00e-05 2.82e-06  -7.0 9.94e-04  -2.5 1.00e+00 1.00e+00h  1
 405  2.6406461e-02 2.43e-06 2.81e-06  -7.0 3.72e-04  -2.1 1.00e+00 1.00e+00h  1
 406  2.6406379e-02 1.97e-04 2.77e-06  -7.0 3.30e-03  -3.1 1.00e+00 1.00e+00h  1
 407  2.6406375e-02 4.47e-07 2.77e-06  -7.0 1.55e-04  -1.7 1.00e+00 1.00e+00h  1
 408  2.6406363e-02 3.92e-06 2.77e-06  -7.0 4.63e-04  -2.2 1.00e+00 1.00e+00h  1
 409  2.6406359e-02 5.51e-07 2.77e-06  -7.0 1.74e-04  -1.8 1.00e+00 1.00e+00h  1
iter    objective    inf_pr   inf_du lg(mu)  ||d||  lg(rg) alpha_du alpha_pr  ls
 410  2.6406321e-02 4.47e-05 2.75e-06  -7.0 1.55e-03  -2.8 1.00e+00 1.00e+00h  1
 411  2.6406306e-02 6.31e-06 2.74e-06  -7.0 5.81e-04  -2.3 1.00e+00 1.00e+00h  1
 412  2.6406179e-02 5.14e-04 2.68e-06  -7.0 5.12e-03  -3.3 1.00e+00 1.00e+00h  1
 413  2.6406039e-02 6.58e-04 2.62e-06  -7.0 5.61e-03  -3.3 1.00e+00 1.00e+00h  1
 414  2.6406032e-02 1.52e-06 2.62e-06  -7.0 2.63e-04  -2.0 1.00e+00 1.00e+00h  1
 415  2.6406030e-02 2.04e-07 2.61e-06  -7.0 9.85e-05  -1.6 1.00e+00 1.00e+00h  1
 416  2.6406023e-02 1.84e-06 2.61e-06  -7.0 2.95e-04  -2.1 1.00e+00 1.00e+00h  1
 417  2.6406001e-02 1.65e-05 2.60e-06  -7.0 8.82e-04  -2.5 1.00e+00 1.00e+00h  1
 418  2.6405992e-02 2.33e-06 2.60e-06  -7.0 3.30e-04  -2.1 1.00e+00 1.00e+00h  1
 419  2.6405920e-02 1.89e-04 2.56e-06  -7.0 2.93e-03  -3.1 1.00e+00 1.00e+00h  1
iter    objective    inf_pr   inf_du lg(mu)  ||d||  lg(rg) alpha_du alpha_pr  ls
 420  2.6405892e-02 2.68e-05 2.55e-06  -7.0 1.09e-03  -2.6 1.00e+00 1.00e+00h  1
 421  2.6405862e-02 3.39e-05 2.53e-06  -7.0 1.22e-03  -2.7 1.00e+00 1.00e+00h  1
 422  2.6405828e-02 4.30e-05 2.52e-06  -7.0 1.37e-03  -2.7 1.00e+00 1.00e+00h  1
 423  2.6405815e-02 6.07e-06 2.51e-06  -7.0 5.11e-04  -2.3 1.00e+00 1.00e+00h  1
 424  2.6405810e-02 8.53e-07 2.51e-06  -7.0 1.92e-04  -1.9 1.00e+00 1.00e+00h  1
 425  2.6405768e-02 6.92e-05 2.49e-06  -7.0 1.71e-03  -2.8 1.00e+00 1.00e+00h  1
 426  2.6405752e-02 9.78e-06 2.48e-06  -7.0 6.39e-04  -2.4 1.00e+00 1.00e+00h  1
 427  2.6405746e-02 1.37e-06 2.47e-06  -7.0 2.39e-04  -2.0 1.00e+00 1.00e+00h  1
 428  2.6405728e-02 1.24e-05 2.47e-06  -7.0 7.15e-04  -2.5 1.00e+00 1.00e+00h  1
 429  2.6405572e-02 1.01e-03 2.39e-06  -7.0 6.23e-03  -3.4 1.00e+00 1.00e+00h  1
iter    objective    inf_pr   inf_du lg(mu)  ||d||  lg(rg) alpha_du alpha_pr  ls
 430  2.6405565e-02 2.37e-06 2.38e-06  -7.0 2.92e-04  -2.1 1.00e+00 1.00e+00h  1
 431  2.6405543e-02 2.01e-05 2.37e-06  -7.0 8.71e-04  -2.6 1.00e+00 1.00e+00h  1
 432  2.6405535e-02 2.84e-06 2.37e-06  -7.0 3.26e-04  -2.1 1.00e+00 1.00e+00h  1
 433  2.6405511e-02 2.56e-05 2.35e-06  -7.0 9.72e-04  -2.6 1.00e+00 1.00e+00h  1
 434  2.6405483e-02 3.24e-05 2.34e-06  -7.0 1.09e-03  -2.7 1.00e+00 1.00e+00h  1
 435  2.6405473e-02 4.57e-06 2.33e-06  -7.0 4.07e-04  -2.2 1.00e+00 1.00e+00h  1
 436  2.6405384e-02 3.72e-04 2.29e-06  -7.0 3.59e-03  -3.2 1.00e+00 1.00e+00h  1
 437  2.6405379e-02 8.50e-07 2.28e-06  -7.0 1.68e-04  -1.9 1.00e+00 1.00e+00h  1
 438  2.6405367e-02 7.38e-06 2.28e-06  -7.0 5.02e-04  -2.3 1.00e+00 1.00e+00h  1
 439  2.6405256e-02 6.02e-04 2.22e-06  -7.0 4.40e-03  -3.3 1.00e+00 1.00e+00h  1
iter    objective    inf_pr   inf_du lg(mu)  ||d||  lg(rg) alpha_du alpha_pr  ls
 440  2.6405251e-02 1.39e-06 2.21e-06  -7.0 2.06e-04  -2.0 1.00e+00 1.00e+00h  1
 441  2.6405235e-02 1.20e-05 2.21e-06  -7.0 6.16e-04  -2.4 1.00e+00 1.00e+00h  1
 442  2.6405230e-02 1.69e-06 2.20e-06  -7.0 2.31e-04  -2.0 1.00e+00 1.00e+00h  1
 443  2.6405212e-02 1.52e-05 2.19e-06  -7.0 6.89e-04  -2.5 1.00e+00 1.00e+00h  1
 444  2.6405062e-02 1.24e-03 2.11e-06  -7.0 5.96e-03  -3.5 1.00e+00 1.00e+00h  1
 445  2.6405055e-02 2.93e-06 2.11e-06  -7.0 2.79e-04  -2.1 1.00e+00 1.00e+00h  1
 446  2.6405034e-02 2.48e-05 2.09e-06  -7.0 8.32e-04  -2.6 1.00e+00 1.00e+00h  1
 447  2.6405026e-02 3.49e-06 2.09e-06  -7.0 3.11e-04  -2.2 1.00e+00 1.00e+00h  1
 448  2.6404957e-02 2.84e-04 2.05e-06  -7.0 2.75e-03  -3.1 1.00e+00 1.00e+00h  1
 449  2.6404931e-02 4.02e-05 2.03e-06  -7.0 1.02e-03  -2.7 1.00e+00 1.00e+00h  1
iter    objective    inf_pr   inf_du lg(mu)  ||d||  lg(rg) alpha_du alpha_pr  ls
 450  2.6404902e-02 5.09e-05 2.02e-06  -7.0 1.14e-03  -2.8 1.00e+00 1.00e+00h  1
 451  2.6404891e-02 7.18e-06 2.01e-06  -7.0 4.26e-04  -2.3 1.00e+00 1.00e+00h  1
 452  2.6404887e-02 1.01e-06 2.01e-06  -7.0 1.60e-04  -1.9 1.00e+00 1.00e+00h  1
 453  2.6404875e-02 9.08e-06 2.00e-06  -7.0 4.77e-04  -2.4 1.00e+00 1.00e+00h  1
 454  2.6404870e-02 1.28e-06 2.00e-06  -7.0 1.79e-04  -2.0 1.00e+00 1.00e+00h  1
 455  2.6404857e-02 1.15e-05 1.99e-06  -7.0 5.34e-04  -2.4 1.00e+00 1.00e+00h  1
 456  2.6404852e-02 1.62e-06 1.99e-06  -7.0 2.00e-04  -2.0 1.00e+00 1.00e+00h  1
 457  2.6404807e-02 1.32e-04 1.96e-06  -7.0 1.78e-03  -3.0 1.00e+00 1.00e+00h  1
 458  2.6404756e-02 1.68e-04 1.93e-06  -7.0 1.97e-03  -3.0 1.00e+00 1.00e+00h  1
 459  2.6404738e-02 2.37e-05 1.92e-06  -7.0 7.33e-04  -2.6 1.00e+00 1.00e+00h  1
iter    objective    inf_pr   inf_du lg(mu)  ||d||  lg(rg) alpha_du alpha_pr  ls
 460  2.6404731e-02 3.33e-06 1.91e-06  -7.0 2.74e-04  -2.2 1.00e+00 1.00e+00h  1
 461  2.6404669e-02 2.71e-04 1.88e-06  -7.0 2.42e-03  -3.1 1.00e+00 1.00e+00h  1
 462  2.6404601e-02 3.46e-04 1.83e-06  -7.0 2.66e-03  -3.2 1.00e+00 1.00e+00h  1
 463  2.6404575e-02 4.91e-05 1.82e-06  -7.0 9.90e-04  -2.7 1.00e+00 1.00e+00h  1
 464  2.6404566e-02 6.89e-06 1.81e-06  -7.0 3.70e-04  -2.3 1.00e+00 1.00e+00h  1
 465  2.6404562e-02 9.69e-07 1.81e-06  -7.0 1.39e-04  -1.9 1.00e+00 1.00e+00h  1
 466  2.6404531e-02 7.86e-05 1.79e-06  -7.0 1.23e-03  -2.8 1.00e+00 1.00e+00h  1
 467  2.6404519e-02 1.11e-05 1.78e-06  -7.0 4.61e-04  -2.4 1.00e+00 1.00e+00h  1
 468  2.6404514e-02 1.56e-06 1.78e-06  -7.0 1.72e-04  -2.0 1.00e+00 1.00e+00h  1
 469  2.6404501e-02 1.41e-05 1.77e-06  -7.0 5.15e-04  -2.5 1.00e+00 1.00e+00h  1
iter    objective    inf_pr   inf_du lg(mu)  ||d||  lg(rg) alpha_du alpha_pr  ls
 470  2.6404386e-02 1.15e-03 1.70e-06  -7.0 4.44e-03  -3.4 1.00e+00 1.00e+00h  1
 471  2.6404380e-02 2.70e-06 1.69e-06  -7.0 2.08e-04  -2.1 1.00e+00 1.00e+00h  1
 472  2.6404364e-02 2.29e-05 1.69e-06  -7.0 6.21e-04  -2.6 1.00e+00 1.00e+00h  1
 473  2.6404358e-02 3.23e-06 1.69e-06  -7.0 2.33e-04  -2.1 1.00e+00 1.00e+00h  1
 474  2.6404340e-02 2.91e-05 1.69e-06  -7.0 6.99e-04  -2.6 1.00e+00 1.00e+00h  1
 475  2.6404334e-02 4.10e-06 1.69e-06  -7.0 2.62e-04  -2.2 1.00e+00 1.00e+00h  1
 476  2.6404331e-02 5.76e-07 1.69e-06  -7.0 9.83e-05  -1.8 1.00e+00 1.00e+00h  1
 477  2.6404324e-02 5.19e-06 1.69e-06  -7.0 2.95e-04  -2.2 1.00e+00 1.00e+00h  1
 478  2.6404257e-02 4.23e-04 1.70e-06  -7.0 2.66e-03  -3.2 1.00e+00 1.00e+00h  1
 479  2.6404185e-02 5.41e-04 1.70e-06  -7.0 3.01e-03  -3.2 1.00e+00 1.00e+00h  1
iter    objective    inf_pr   inf_du lg(mu)  ||d||  lg(rg) alpha_du alpha_pr  ls
 480  2.6404181e-02 1.24e-06 1.70e-06  -7.0 1.41e-04  -1.9 1.00e+00 1.00e+00h  1
 481  2.6404151e-02 9.68e-05 1.70e-06  -7.0 1.27e-03  -2.9 1.00e+00 1.00e+00h  1
 482  2.6404140e-02 1.37e-05 1.70e-06  -7.0 4.77e-04  -2.4 1.00e+00 1.00e+00h  1
 483  2.6404136e-02 1.92e-06 1.70e-06  -7.0 1.79e-04  -2.0 1.00e+00 1.00e+00h  1
 484  2.6404098e-02 1.56e-04 1.71e-06  -7.0 1.61e-03  -3.0 1.00e+00 1.00e+00h  1
 485  2.6404096e-02 3.52e-07 1.71e-06  -7.0 7.56e-05  -1.6 1.00e+00 1.00e+00h  1
 486  2.6404091e-02 3.10e-06 1.71e-06  -7.0 2.27e-04  -2.1 1.00e+00 1.00e+00h  1
 487  2.6404089e-02 4.36e-07 1.71e-06  -7.0 8.51e-05  -1.7 1.00e+00 1.00e+00h  1
 488  2.6404083e-02 3.92e-06 1.71e-06  -7.0 2.55e-04  -2.2 1.00e+00 1.00e+00h  1
 489  2.6404066e-02 3.54e-05 1.71e-06  -7.0 7.66e-04  -2.7 1.00e+00 1.00e+00h  1
iter    objective    inf_pr   inf_du lg(mu)  ||d||  lg(rg) alpha_du alpha_pr  ls
 490  2.6404059e-02 4.99e-06 1.71e-06  -7.0 2.87e-04  -2.2 1.00e+00 1.00e+00h  1
 491  2.6404056e-02 7.01e-07 1.71e-06  -7.0 1.08e-04  -1.8 1.00e+00 1.00e+00h  1
 492  2.6404049e-02 6.31e-06 1.71e-06  -7.0 3.24e-04  -2.3 1.00e+00 1.00e+00h  1
 493  2.6404046e-02 8.89e-07 1.71e-06  -7.0 1.21e-04  -1.9 1.00e+00 1.00e+00h  1
 494  2.6404038e-02 8.00e-06 1.71e-06  -7.0 3.64e-04  -2.3 1.00e+00 1.00e+00h  1
 495  2.6404035e-02 1.13e-06 1.71e-06  -7.0 1.37e-04  -1.9 1.00e+00 1.00e+00h  1
 496  2.6404007e-02 9.15e-05 1.72e-06  -7.0 1.23e-03  -2.9 1.00e+00 1.00e+00h  1
 497  2.6403997e-02 1.29e-05 1.72e-06  -7.0 4.62e-04  -2.4 1.00e+00 1.00e+00h  1
 498  2.6403993e-02 1.82e-06 1.72e-06  -7.0 1.73e-04  -2.0 1.00e+00 1.00e+00h  1
 499  2.6403959e-02 1.48e-04 1.72e-06  -7.0 1.56e-03  -3.0 1.00e+00 1.00e+00h  1
iter    objective    inf_pr   inf_du lg(mu)  ||d||  lg(rg) alpha_du alpha_pr  ls
 500  2.6403946e-02 2.09e-05 1.72e-06  -7.0 5.86e-04  -2.5 1.00e+00 1.00e+00h  1
 501  2.6403941e-02 2.93e-06 1.72e-06  -7.0 2.20e-04  -2.1 1.00e+00 1.00e+00h  1
 502  2.6403899e-02 2.38e-04 1.73e-06  -7.0 1.98e-03  -3.1 1.00e+00 1.00e+00h  1
 503  2.6403883e-02 3.38e-05 1.73e-06  -7.0 7.44e-04  -2.6 1.00e+00 1.00e+00h  1
 504  2.6403750e-02 2.77e-03 1.74e-06  -7.0 6.75e-03  -3.6 1.00e+00 1.00e+00h  1
 505  2.6403731e-02 5.72e-05 1.74e-06  -7.0 9.50e-04  -2.7 1.00e+00 1.00e+00h  1
 506  2.6403710e-02 7.03e-05 1.74e-06  -7.0 1.07e-03  -2.8 1.00e+00 1.00e+00h  1
 507  2.6403702e-02 9.93e-06 1.74e-06  -7.0 4.02e-04  -2.4 1.00e+00 1.00e+00h  1
 508  2.6403635e-02 8.09e-04 1.75e-06  -7.0 3.63e-03  -3.3 1.00e+00 1.00e+00h  1
 509  2.6403631e-02 1.88e-06 1.75e-06  -7.0 1.70e-04  -2.0 1.00e+00 1.00e+00h  1
iter    objective    inf_pr   inf_du lg(mu)  ||d||  lg(rg) alpha_du alpha_pr  ls
 510  2.6403603e-02 1.45e-04 1.76e-06  -7.0 1.53e-03  -2.9 1.00e+00 1.00e+00h  1
 511  2.6403593e-02 2.05e-05 1.76e-06  -7.0 5.76e-04  -2.5 1.00e+00 1.00e+00h  1
 512  2.6403589e-02 2.89e-06 1.76e-06  -7.0 2.16e-04  -2.1 1.00e+00 1.00e+00h  1
 513  2.6403577e-02 2.60e-05 1.76e-06  -7.0 6.48e-04  -2.6 1.00e+00 1.00e+00h  1
 514  2.6403573e-02 3.67e-06 1.76e-06  -7.0 2.43e-04  -2.1 1.00e+00 1.00e+00h  1
 515  2.6403534e-02 2.98e-04 1.76e-06  -7.0 2.19e-03  -3.1 1.00e+00 1.00e+00h  1
 516  2.6403492e-02 3.81e-04 1.77e-06  -7.0 2.48e-03  -3.1 1.00e+00 1.00e+00h  1
 517  2.6403490e-02 8.70e-07 1.77e-06  -7.0 1.16e-04  -1.8 1.00e+00 1.00e+00h  1
 518  2.6403484e-02 7.55e-06 1.77e-06  -7.0 3.48e-04  -2.3 1.00e+00 1.00e+00h  1
 519  2.6403481e-02 1.06e-06 1.77e-06  -7.0 1.31e-04  -1.9 1.00e+00 1.00e+00h  1
iter    objective    inf_pr   inf_du lg(mu)  ||d||  lg(rg) alpha_du alpha_pr  ls
 520  2.6403475e-02 9.58e-06 1.77e-06  -7.0 3.92e-04  -2.3 1.00e+00 1.00e+00h  1
 521  2.6403416e-02 7.82e-04 1.78e-06  -7.0 3.54e-03  -3.3 1.00e+00 1.00e+00h  1
 522  2.6403414e-02 1.82e-06 1.78e-06  -7.0 1.66e-04  -2.0 1.00e+00 1.00e+00h  1
 523  2.6403406e-02 1.56e-05 1.78e-06  -7.0 4.99e-04  -2.4 1.00e+00 1.00e+00h  1
 524  2.6403402e-02 2.19e-06 1.78e-06  -7.0 1.87e-04  -2.0 1.00e+00 1.00e+00h  1
 525  2.6403393e-02 1.97e-05 1.78e-06  -7.0 5.61e-04  -2.5 1.00e+00 1.00e+00h  1
 526  2.6403315e-02 1.62e-03 1.79e-06  -7.0 5.08e-03  -3.5 1.00e+00 1.00e+00h  1
 527  2.6403311e-02 3.86e-06 1.79e-06  -7.0 2.38e-04  -2.1 1.00e+00 1.00e+00h  1
 528  2.6403310e-02 5.04e-07 1.79e-06  -7.0 8.94e-05  -1.7 1.00e+00 1.00e+00h  1
 529  2.6403306e-02 4.54e-06 1.79e-06  -7.0 2.68e-04  -2.2 1.00e+00 1.00e+00h  1
iter    objective    inf_pr   inf_du lg(mu)  ||d||  lg(rg) alpha_du alpha_pr  ls
 530  2.6403294e-02 4.09e-05 1.79e-06  -7.0 8.05e-04  -2.7 1.00e+00 1.00e+00h  1
 531  2.6403289e-02 5.78e-06 1.79e-06  -7.0 3.02e-04  -2.2 1.00e+00 1.00e+00h  1
 532  2.6403275e-02 5.20e-05 1.80e-06  -7.0 9.07e-04  -2.7 1.00e+00 1.00e+00h  1
 533  2.6403270e-02 7.34e-06 1.80e-06  -7.0 3.40e-04  -2.3 1.00e+00 1.00e+00h  1
 534  2.6403268e-02 1.03e-06 1.80e-06  -7.0 1.28e-04  -1.9 1.00e+00 1.00e+00h  1
 535  2.6403263e-02 9.29e-06 1.80e-06  -7.0 3.83e-04  -2.3 1.00e+00 1.00e+00h  1
 536  2.6403261e-02 1.31e-06 1.80e-06  -7.0 1.44e-04  -1.9 1.00e+00 1.00e+00h  1
 537  2.6403242e-02 1.06e-04 1.80e-06  -7.0 1.30e-03  -2.9 1.00e+00 1.00e+00h  1
 538  2.6403220e-02 1.35e-04 1.80e-06  -7.0 1.46e-03  -2.9 1.00e+00 1.00e+00h  1
 539  2.6403213e-02 1.91e-05 1.81e-06  -7.0 5.48e-04  -2.5 1.00e+00 1.00e+00h  1
iter    objective    inf_pr   inf_du lg(mu)  ||d||  lg(rg) alpha_du alpha_pr  ls
 540  2.6403210e-02 2.69e-06 1.81e-06  -7.0 2.05e-04  -2.1 1.00e+00 1.00e+00h  1
 541  2.6403201e-02 2.42e-05 1.81e-06  -7.0 6.17e-04  -2.5 1.00e+00 1.00e+00h  1
 542  2.6403197e-02 3.41e-06 1.81e-06  -7.0 2.31e-04  -2.1 1.00e+00 1.00e+00h  1
 543  2.6403188e-02 3.07e-05 1.81e-06  -7.0 6.95e-04  -2.6 1.00e+00 1.00e+00h  1
 544  2.6403184e-02 4.33e-06 1.81e-06  -7.0 2.61e-04  -2.2 1.00e+00 1.00e+00h  1
 545  2.6403183e-02 6.09e-07 1.81e-06  -7.0 9.77e-05  -1.7 1.00e+00 1.00e+00h  1
 546  2.6403178e-02 5.48e-06 1.81e-06  -7.0 2.93e-04  -2.2 1.00e+00 1.00e+00h  1
 547  2.6403177e-02 7.72e-07 1.81e-06  -7.0 1.10e-04  -1.8 1.00e+00 1.00e+00h  1
 548  2.6403163e-02 6.26e-05 1.81e-06  -7.0 9.91e-04  -2.7 1.00e+00 1.00e+00h  1
 549  2.6403158e-02 8.84e-06 1.81e-06  -7.0 3.72e-04  -2.3 1.00e+00 1.00e+00h  1
iter    objective    inf_pr   inf_du lg(mu)  ||d||  lg(rg) alpha_du alpha_pr  ls
 550  2.6403113e-02 7.21e-04 1.82e-06  -7.0 3.36e-03  -3.3 1.00e+00 1.00e+00h  1
 551  2.6403111e-02 1.67e-06 1.82e-06  -7.0 1.58e-04  -1.9 1.00e+00 1.00e+00h  1
 552  2.6403092e-02 1.29e-04 1.82e-06  -7.0 1.42e-03  -2.9 1.00e+00 1.00e+00h  1
 553  2.6403071e-02 1.65e-04 1.83e-06  -7.0 1.60e-03  -2.9 1.00e+00 1.00e+00h  1
 554  2.6403064e-02 2.33e-05 1.83e-06  -7.0 6.01e-04  -2.5 1.00e+00 1.00e+00h  1
 555  2.6402930e-02 2.26e-03 4.85e-05  -7.0 1.96e+00  -3.5 1.00e+00 1.00e+00H  1
 556  2.6402951e-02 4.28e-06 1.84e-06  -7.0 2.55e-04  -2.1 1.00e+00 1.00e+00h  1
 557  2.6402934e-02 3.90e-05 1.84e-06  -7.0 7.66e-04  -2.6 1.00e+00 1.00e+00h  1
 558  2.6402917e-02 4.93e-05 1.84e-06  -7.0 8.63e-04  -2.7 1.00e+00 1.00e+00h  1
 559  2.6402899e-02 6.24e-05 1.85e-06  -7.0 9.72e-04  -2.7 1.00e+00 1.00e+00h  1
iter    objective    inf_pr   inf_du lg(mu)  ||d||  lg(rg) alpha_du alpha_pr  ls
 560  2.6402787e-02 5.11e-03 1.87e-06  -7.0 8.84e-03  -3.7 1.00e+00 1.00e+00h  1
 561  2.6402785e-02 1.29e-05 1.87e-06  -7.0 4.14e-04  -2.3 1.00e+00 1.00e+00h  1
 562  2.6402783e-02 1.60e-06 1.87e-06  -7.0 1.55e-04  -1.9 1.00e+00 1.00e+00h  1
 563  2.6402778e-02 1.44e-05 1.87e-06  -7.0 4.67e-04  -2.4 1.00e+00 1.00e+00h  1
 564  2.6402776e-02 2.03e-06 1.87e-06  -7.0 1.75e-04  -2.0 1.00e+00 1.00e+00h  1
 565  2.6402770e-02 1.83e-05 1.87e-06  -7.0 5.25e-04  -2.4 1.00e+00 1.00e+00h  1
 566  2.6402768e-02 2.57e-06 1.87e-06  -7.0 1.97e-04  -2.0 1.00e+00 1.00e+00h  1
 567  2.6402761e-02 2.32e-05 1.87e-06  -7.0 5.92e-04  -2.5 1.00e+00 1.00e+00h  1
 568  2.6402758e-02 3.27e-06 1.87e-06  -7.0 2.22e-04  -2.1 1.00e+00 1.00e+00h  1
 569  2.6402751e-02 2.94e-05 1.87e-06  -7.0 6.66e-04  -2.6 1.00e+00 1.00e+00h  1
iter    objective    inf_pr   inf_du lg(mu)  ||d||  lg(rg) alpha_du alpha_pr  ls
 570  2.6402748e-02 4.15e-06 1.88e-06  -7.0 2.50e-04  -2.1 1.00e+00 1.00e+00h  1
 571  2.6402740e-02 3.73e-05 1.88e-06  -7.0 7.51e-04  -2.6 1.00e+00 1.00e+00h  1
 572  2.6402661e-02 6.39e-06 1.41e-05  -7.0 2.68e-02  -3.6 1.00e+00 1.00e+00H  1
 573  2.6402652e-02 6.16e-05 1.89e-06  -7.0 9.59e-04  -2.7 1.00e+00 1.00e+00h  1
 574  2.6402566e-02 5.07e-03 1.08e-05  -7.0 8.72e-03  -3.7 1.00e+00 1.00e+00h  1
 575  2.6402418e-02 1.52e-03 7.17e-05  -7.0 9.81e+02  -3.7 1.00e+00 1.00e+00H  1
 576  2.6402411e-02 1.52e-05 1.94e-06  -7.0 4.66e-04  -2.4 1.00e+00 1.00e+00h  1
 577  2.6402342e-02 1.23e-03 1.95e-06  -7.0 4.21e-03  -3.3 1.00e+00 1.00e+00h  1
 578  2.6402345e-02 2.91e-06 1.95e-06  -7.0 1.98e-04  -2.0 1.00e+00 1.00e+00h  1
 579  2.6402338e-02 2.46e-05 1.95e-06  -7.0 5.93e-04  -2.5 1.00e+00 1.00e+00h  1
iter    objective    inf_pr   inf_du lg(mu)  ||d||  lg(rg) alpha_du alpha_pr  ls
 580  2.6402336e-02 3.46e-06 1.95e-06  -7.0 2.23e-04  -2.1 1.00e+00 1.00e+00h  1
 581  2.6402328e-02 3.11e-05 1.95e-06  -7.0 6.68e-04  -2.5 1.00e+00 1.00e+00h  1
 582  2.6402276e-02 2.54e-03 1.97e-06  -7.0 6.06e-03  -3.5 1.00e+00 1.00e+00h  1
 583  2.6402270e-02 5.24e-05 1.97e-06  -7.0 8.53e-04  -2.6 1.00e+00 1.00e+00h  1
 584  2.6402268e-02 7.17e-06 1.97e-06  -7.0 3.20e-04  -2.2 1.00e+00 1.00e+00h  1
 585  2.6402246e-02 5.83e-04 1.98e-06  -7.0 2.89e-03  -3.2 1.00e+00 1.00e+00h  1
 586  2.6402224e-02 7.47e-04 1.99e-06  -7.0 3.27e-03  -3.2 1.00e+00 1.00e+00h  1
 587  2.6402223e-02 1.73e-06 1.99e-06  -7.0 1.53e-04  -1.9 1.00e+00 1.00e+00h  1
 588  2.6402220e-02 1.48e-05 1.99e-06  -7.0 4.60e-04  -2.4 1.00e+00 1.00e+00h  1
 589  2.6402218e-02 2.09e-06 1.99e-06  -7.0 1.72e-04  -1.9 1.00e+00 1.00e+00h  1
iter    objective    inf_pr   inf_du lg(mu)  ||d||  lg(rg) alpha_du alpha_pr  ls
 590  2.6402208e-02 1.70e-04 1.99e-06  -7.0 1.55e-03  -2.9 1.00e+00 1.00e+00h  1
 591  2.6402204e-02 2.40e-05 1.99e-06  -7.0 5.83e-04  -2.5 1.00e+00 1.00e+00h  1
 592  2.6402203e-02 3.38e-06 1.99e-06  -7.0 2.19e-04  -2.0 1.00e+00 1.00e+00h  1
 593  2.6402198e-02 3.04e-05 2.00e-06  -7.0 6.57e-04  -2.5 1.00e+00 1.00e+00h  1
 594  2.6402197e-02 4.29e-06 2.00e-06  -7.0 2.46e-04  -2.1 1.00e+00 1.00e+00h  1
 595  2.6402196e-02 6.03e-07 2.00e-06  -7.0 9.24e-05  -1.7 1.00e+00 1.00e+00h  1
 596  2.6402194e-02 5.42e-06 2.00e-06  -7.0 2.77e-04  -2.1 1.00e+00 1.00e+00h  1
 597  2.6402178e-02 4.42e-04 2.00e-06  -7.0 2.50e-03  -3.1 1.00e+00 1.00e+00h  1
 598  2.6402161e-02 5.66e-04 2.01e-06  -7.0 2.83e-03  -3.1 1.00e+00 1.00e+00h  1
 599  2.6402160e-02 1.30e-06 2.01e-06  -7.0 1.33e-04  -1.8 1.00e+00 1.00e+00h  1
iter    objective    inf_pr   inf_du lg(mu)  ||d||  lg(rg) alpha_du alpha_pr  ls
 600  2.6402158e-02 1.12e-05 2.01e-06  -7.0 3.98e-04  -2.3 1.00e+00 1.00e+00h  1
 601  2.6402136e-02 9.18e-04 2.02e-06  -7.0 3.60e-03  -3.3 1.00e+00 1.00e+00h  1
 602  2.6402135e-02 2.15e-06 2.02e-06  -7.0 1.69e-04  -1.9 1.00e+00 1.00e+00h  1
 603  2.6402126e-02 1.65e-04 2.03e-06  -7.0 1.52e-03  -2.9 1.00e+00 1.00e+00h  1
 604  2.6402116e-02 2.10e-04 2.03e-06  -7.0 1.71e-03  -2.9 1.00e+00 1.00e+00h  1
 605  2.6402112e-02 2.98e-05 2.03e-06  -7.0 6.44e-04  -2.5 1.00e+00 1.00e+00h  1
 606  2.6402111e-02 4.18e-06 2.03e-06  -7.0 2.41e-04  -2.1 1.00e+00 1.00e+00h  1
 607  2.6402106e-02 3.77e-05 2.04e-06  -7.0 7.25e-04  -2.6 1.00e+00 1.00e+00h  1
 608  2.6402105e-02 5.31e-06 2.04e-06  -7.0 2.72e-04  -2.1 1.00e+00 1.00e+00h  1
 609  2.6402091e-02 4.32e-04 2.04e-06  -7.0 2.46e-03  -3.1 1.00e+00 1.00e+00h  1
iter    objective    inf_pr   inf_du lg(mu)  ||d||  lg(rg) alpha_du alpha_pr  ls
 610  2.6402090e-02 9.92e-07 2.04e-06  -7.0 1.15e-04  -1.8 1.00e+00 1.00e+00h  1
 611  2.6402088e-02 8.59e-06 2.04e-06  -7.0 3.46e-04  -2.2 1.00e+00 1.00e+00h  1
 612  2.6402088e-02 1.21e-06 2.04e-06  -7.0 1.30e-04  -1.8 1.00e+00 1.00e+00h  1
 613  2.6402085e-02 1.09e-05 2.04e-06  -7.0 3.89e-04  -2.3 1.00e+00 1.00e+00h  1
 614  2.6402066e-02 8.90e-04 2.05e-06  -7.0 3.52e-03  -3.2 1.00e+00 1.00e+00h  1
 615  2.6402065e-02 2.08e-06 2.05e-06  -7.0 1.65e-04  -1.9 1.00e+00 1.00e+00h  1
 616  2.6402057e-02 1.60e-04 2.06e-06  -7.0 1.49e-03  -2.9 1.00e+00 1.00e+00h  1
 617  2.6402054e-02 2.26e-05 2.06e-06  -7.0 5.58e-04  -2.4 1.00e+00 1.00e+00h  1
 618  2.6402053e-02 3.18e-06 2.06e-06  -7.0 2.09e-04  -2.0 1.00e+00 1.00e+00h  1
 619  2.6402043e-02 2.59e-04 2.07e-06  -7.0 1.89e-03  -3.0 1.00e+00 1.00e+00h  1
iter    objective    inf_pr   inf_du lg(mu)  ||d||  lg(rg) alpha_du alpha_pr  ls
 620  2.6402031e-02 3.30e-04 2.07e-06  -7.0 2.13e-03  -3.0 1.00e+00 1.00e+00h  1
 621  2.6402027e-02 4.68e-05 2.07e-06  -7.0 8.00e-04  -2.6 1.00e+00 1.00e+00h  1
 622  2.6402023e-02 5.92e-05 2.08e-06  -7.0 9.01e-04  -2.6 1.00e+00 1.00e+00h  1
 623  2.6402017e-02 7.53e-05 2.08e-06  -7.0 1.01e-03  -2.7 1.00e+00 1.00e+00h  1
 624  2.6402011e-02 9.57e-05 2.08e-06  -7.0 1.14e-03  -2.7 1.00e+00 1.00e+00h  1
 625  2.6402009e-02 1.35e-05 2.08e-06  -7.0 4.29e-04  -2.3 1.00e+00 1.00e+00h  1
 626  2.6402002e-02 1.22e-04 2.09e-06  -7.0 1.29e-03  -2.8 1.00e+00 1.00e+00h  1
 627  2.6402000e-02 1.72e-05 2.09e-06  -7.0 4.84e-04  -2.4 1.00e+00 1.00e+00h  1
 628  2.6401999e-02 2.42e-06 2.09e-06  -7.0 1.81e-04  -1.9 1.00e+00 1.00e+00h  1
 629  2.6401996e-02 2.18e-05 2.09e-06  -7.0 5.45e-04  -2.4 1.00e+00 1.00e+00h  1
iter    objective    inf_pr   inf_du lg(mu)  ||d||  lg(rg) alpha_du alpha_pr  ls
 630  2.6401995e-02 3.07e-06 2.09e-06  -7.0 2.04e-04  -2.0 1.00e+00 1.00e+00h  1
 631  2.6401986e-02 2.50e-04 2.10e-06  -7.0 1.84e-03  -2.9 1.00e+00 1.00e+00h  1
 632  2.6401976e-02 3.19e-04 2.10e-06  -7.0 2.08e-03  -3.0 1.00e+00 1.00e+00h  1
 633  2.6401964e-02 4.08e-04 2.11e-06  -7.0 2.35e-03  -3.0 1.00e+00 1.00e+00h  1
 634  2.6401951e-02 5.21e-04 2.11e-06  -7.0 2.65e-03  -3.1 1.00e+00 1.00e+00h  1
 635  2.6401946e-02 7.40e-05 2.12e-06  -7.0 9.94e-04  -2.7 1.00e+00 1.00e+00h  1
 636  2.6401941e-02 9.36e-05 2.12e-06  -7.0 1.12e-03  -2.7 1.00e+00 1.00e+00h  1
 637  2.6401939e-02 1.32e-05 2.12e-06  -7.0 4.20e-04  -2.3 1.00e+00 1.00e+00h  1
 638  2.6401921e-02 1.08e-03 2.13e-06  -7.0 3.80e-03  -3.3 1.00e+00 1.00e+00h  1
 639  2.6401920e-02 2.54e-06 2.13e-06  -7.0 1.78e-04  -1.9 1.00e+00 1.00e+00h  1
iter    objective    inf_pr   inf_du lg(mu)  ||d||  lg(rg) alpha_du alpha_pr  ls
 640  2.6401913e-02 1.94e-04 2.14e-06  -7.0 1.61e-03  -2.9 1.00e+00 1.00e+00h  1
 641  2.6401910e-02 2.75e-05 2.14e-06  -7.0 6.03e-04  -2.5 1.00e+00 1.00e+00h  1
 642  2.6401909e-02 3.87e-06 2.14e-06  -7.0 2.26e-04  -2.0 1.00e+00 1.00e+00h  1
 643  2.6401900e-02 3.14e-04 2.15e-06  -7.0 2.04e-03  -3.0 1.00e+00 1.00e+00h  1
 644  2.6401889e-02 4.02e-04 2.15e-06  -7.0 2.31e-03  -3.0 1.00e+00 1.00e+00h  1
 645  2.6401877e-02 5.14e-04 2.16e-06  -7.0 2.60e-03  -3.1 1.00e+00 1.00e+00h  1
 646  2.6401864e-02 6.58e-04 2.17e-06  -7.0 2.94e-03  -3.1 1.00e+00 1.00e+00h  1
 647  2.6401864e-02 1.52e-06 2.17e-06  -7.0 1.38e-04  -1.8 1.00e+00 1.00e+00h  1
 648  2.6401862e-02 1.31e-05 2.17e-06  -7.0 4.14e-04  -2.3 1.00e+00 1.00e+00h  1
 649  2.6401861e-02 1.84e-06 2.17e-06  -7.0 1.55e-04  -1.9 1.00e+00 1.00e+00h  1
iter    objective    inf_pr   inf_du lg(mu)  ||d||  lg(rg) alpha_du alpha_pr  ls
 650  2.6401859e-02 1.66e-05 2.17e-06  -7.0 4.66e-04  -2.3 1.00e+00 1.00e+00h  1
 651  2.6401841e-02 1.36e-03 2.18e-06  -7.0 4.22e-03  -3.3 1.00e+00 1.00e+00h  1
 652  2.6401820e-02 1.76e-03 2.20e-06  -7.0 4.77e-03  -3.3 1.00e+00 1.00e+00h  1
 653  2.6401819e-02 4.19e-06 2.20e-06  -7.0 2.24e-04  -2.0 1.00e+00 1.00e+00h  1
 654  2.6401817e-02 3.50e-05 2.20e-06  -7.0 6.72e-04  -2.5 1.00e+00 1.00e+00h  1
 655  2.6401815e-02 4.93e-06 2.20e-06  -7.0 2.52e-04  -2.1 1.00e+00 1.00e+00h  1
 656  2.6401812e-02 4.44e-05 2.20e-06  -7.0 7.57e-04  -2.5 1.00e+00 1.00e+00h  1
 657  2.6401811e-02 6.27e-06 2.20e-06  -7.0 2.84e-04  -2.1 1.00e+00 1.00e+00h  1
 658  2.6401800e-02 5.11e-04 2.21e-06  -7.0 2.56e-03  -3.1 1.00e+00 1.00e+00h  1
 659  2.6401788e-02 6.55e-04 2.22e-06  -7.0 2.90e-03  -3.1 1.00e+00 1.00e+00h  1
iter    objective    inf_pr   inf_du lg(mu)  ||d||  lg(rg) alpha_du alpha_pr  ls
 660  2.6401775e-02 8.40e-04 2.23e-06  -7.0 3.27e-03  -3.2 1.00e+00 1.00e+00h  1
 661  2.6401774e-02 1.96e-06 2.23e-06  -7.0 1.53e-04  -1.8 1.00e+00 1.00e+00h  1
 662  2.6401772e-02 1.67e-05 2.23e-06  -7.0 4.61e-04  -2.3 1.00e+00 1.00e+00h  1
 663  2.6401766e-02 1.51e-04 2.24e-06  -7.0 1.38e-03  -2.8 1.00e+00 1.00e+00h  1
 664  2.6401717e-02 1.27e-02 2.28e-06  -7.0 1.27e-02  -3.7 1.00e+00 1.00e+00h  1
 665  2.6401661e-02 1.71e-02 2.32e-06  -7.0 1.46e-02  -3.8 1.00e+00 1.00e+00h  1
 666  2.6401660e-02 8.07e-07 2.29e-06  -7.0 8.40e-05  -1.6 1.00e+00 1.00e+00h  1
 667  2.6401660e-02 5.37e-06 2.32e-06  -7.0 2.56e-04  -2.0 1.00e+00 1.00e+00h  1
 668  2.6401657e-02 4.84e-05 2.33e-06  -7.0 7.69e-04  -2.5 1.00e+00 1.00e+00h  1
 669  2.6401655e-02 6.84e-06 2.33e-06  -7.0 2.88e-04  -2.1 1.00e+00 1.00e+00h  1
iter    objective    inf_pr   inf_du lg(mu)  ||d||  lg(rg) alpha_du alpha_pr  ls
 670  2.6401652e-02 6.16e-05 2.33e-06  -7.0 8.66e-04  -2.6 1.00e+00 1.00e+00h  1
 671  2.6401651e-02 8.70e-06 2.33e-06  -7.0 3.25e-04  -2.1 1.00e+00 1.00e+00h  1
 672  2.6401647e-02 7.84e-05 2.33e-06  -7.0 9.76e-04  -2.6 1.00e+00 1.00e+00h  1
 673  2.6401646e-02 1.11e-05 2.34e-06  -7.0 3.66e-04  -2.2 1.00e+00 1.00e+00h  1
 674  2.6401645e-02 1.56e-06 2.34e-06  -7.0 1.37e-04  -1.8 1.00e+00 1.00e+00h  1
 675  2.6401644e-02 1.40e-05 2.34e-06  -7.0 4.12e-04  -2.2 1.00e+00 1.00e+00h  1
 676  2.6401630e-02 1.15e-03 2.35e-06  -7.0 3.73e-03  -3.2 1.00e+00 1.00e+00h  1
 677  2.6401629e-02 2.70e-06 2.35e-06  -7.0 1.75e-04  -1.9 1.00e+00 1.00e+00h  1
 678  2.6401627e-02 2.29e-05 2.35e-06  -7.0 5.25e-04  -2.3 1.00e+00 1.00e+00h  1
 679  2.6401609e-02 1.88e-03 2.37e-06  -7.0 4.76e-03  -3.3 1.00e+00 1.00e+00h  1
iter    objective    inf_pr   inf_du lg(mu)  ||d||  lg(rg) alpha_du alpha_pr  ls
 680  2.6401608e-02 4.51e-06 2.37e-06  -7.0 2.23e-04  -2.0 1.00e+00 1.00e+00h  1
 681  2.6401601e-02 3.39e-04 2.38e-06  -7.0 2.01e-03  -2.9 1.00e+00 1.00e+00h  1
 682  2.6401598e-02 4.82e-05 2.38e-06  -7.0 7.56e-04  -2.5 1.00e+00 1.00e+00h  1
 683  2.6401597e-02 6.77e-06 2.38e-06  -7.0 2.84e-04  -2.1 1.00e+00 1.00e+00h  1
 684  2.6401594e-02 6.10e-05 2.38e-06  -7.0 8.52e-04  -2.6 1.00e+00 1.00e+00h  1
 685  2.6401593e-02 8.61e-06 2.38e-06  -7.0 3.20e-04  -2.1 1.00e+00 1.00e+00h  1
 686  2.6401589e-02 7.76e-05 2.39e-06  -7.0 9.60e-04  -2.6 1.00e+00 1.00e+00h  1
 687  2.6401585e-02 9.87e-05 2.39e-06  -7.0 1.08e-03  -2.7 1.00e+00 1.00e+00h  1
 688  2.6401584e-02 1.39e-05 2.39e-06  -7.0 4.06e-04  -2.2 1.00e+00 1.00e+00h  1
 689  2.6401583e-02 1.96e-06 2.39e-06  -7.0 1.52e-04  -1.8 1.00e+00 1.00e+00h  1
iter    objective    inf_pr   inf_du lg(mu)  ||d||  lg(rg) alpha_du alpha_pr  ls
 690  2.6401581e-02 1.76e-05 2.39e-06  -7.0 4.57e-04  -2.3 1.00e+00 1.00e+00h  1
 691  2.6401566e-02 1.45e-03 2.41e-06  -7.0 4.14e-03  -3.2 1.00e+00 1.00e+00h  1
 692  2.6401565e-02 3.44e-06 2.41e-06  -7.0 1.94e-04  -1.9 1.00e+00 1.00e+00h  1
 693  2.6401563e-02 2.89e-05 2.41e-06  -7.0 5.83e-04  -2.4 1.00e+00 1.00e+00h  1
 694  2.6401562e-02 4.07e-06 2.41e-06  -7.0 2.19e-04  -2.0 1.00e+00 1.00e+00h  1
 695  2.6401560e-02 3.67e-05 2.41e-06  -7.0 6.56e-04  -2.4 1.00e+00 1.00e+00h  1
 696  2.6401559e-02 5.17e-06 2.41e-06  -7.0 2.46e-04  -2.0 1.00e+00 1.00e+00h  1
 697  2.6401556e-02 4.66e-05 2.42e-06  -7.0 7.39e-04  -2.5 1.00e+00 1.00e+00h  1
 698  2.6401555e-02 6.58e-06 2.42e-06  -7.0 2.77e-04  -2.1 1.00e+00 1.00e+00h  1
 699  2.6401546e-02 5.36e-04 2.43e-06  -7.0 2.50e-03  -3.0 1.00e+00 1.00e+00h  1
iter    objective    inf_pr   inf_du lg(mu)  ||d||  lg(rg) alpha_du alpha_pr  ls
 700  2.6401543e-02 7.63e-05 2.43e-06  -7.0 9.41e-04  -2.6 1.00e+00 1.00e+00h  1
 701  2.6401542e-02 1.07e-05 2.43e-06  -7.0 3.53e-04  -2.2 1.00e+00 1.00e+00h  1
 702  2.6401530e-02 8.74e-04 2.44e-06  -7.0 3.19e-03  -3.1 1.00e+00 1.00e+00h  1
 703  2.6401529e-02 2.04e-06 2.44e-06  -7.0 1.50e-04  -1.8 1.00e+00 1.00e+00h  1
 704  2.6401528e-02 1.74e-05 2.44e-06  -7.0 4.49e-04  -2.3 1.00e+00 1.00e+00h  1
 705  2.6401527e-02 2.45e-06 2.44e-06  -7.0 1.68e-04  -1.8 1.00e+00 1.00e+00h  1
 706  2.6401525e-02 2.21e-05 2.45e-06  -7.0 5.06e-04  -2.3 1.00e+00 1.00e+00h  1
 707  2.6401520e-02 2.00e-04 2.45e-06  -7.0 1.52e-03  -2.8 1.00e+00 1.00e+00h  1
 708  2.6401518e-02 2.83e-05 2.45e-06  -7.0 5.71e-04  -2.4 1.00e+00 1.00e+00h  1
 709  2.6401517e-02 3.98e-06 2.45e-06  -7.0 2.14e-04  -1.9 1.00e+00 1.00e+00h  1
iter    objective    inf_pr   inf_du lg(mu)  ||d||  lg(rg) alpha_du alpha_pr  ls
 710  2.6401515e-02 3.58e-05 2.46e-06  -7.0 6.43e-04  -2.4 1.00e+00 1.00e+00h  1
 711  2.6401514e-02 5.06e-06 2.46e-06  -7.0 2.41e-04  -2.0 1.00e+00 1.00e+00h  1
 712  2.6401513e-02 7.11e-07 2.46e-06  -7.0 9.04e-05  -1.6 1.00e+00 1.00e+00h  1
 713  2.6401512e-02 6.40e-06 2.46e-06  -7.0 2.71e-04  -2.0 1.00e+00 1.00e+00h  1
 714  2.6401510e-02 5.77e-05 2.46e-06  -7.0 8.15e-04  -2.5 1.00e+00 1.00e+00h  1
 715  2.6401508e-02 8.15e-06 2.46e-06  -7.0 3.06e-04  -2.1 1.00e+00 1.00e+00h  1
 716  2.6401505e-02 7.35e-05 2.47e-06  -7.0 9.19e-04  -2.6 1.00e+00 1.00e+00h  1
 717  2.6401504e-02 1.04e-05 2.47e-06  -7.0 3.45e-04  -2.1 1.00e+00 1.00e+00h  1
 718  2.6401500e-02 9.35e-05 2.47e-06  -7.0 1.04e-03  -2.6 1.00e+00 1.00e+00h  1
 719  2.6401499e-02 1.32e-05 2.47e-06  -7.0 3.89e-04  -2.2 1.00e+00 1.00e+00h  1
iter    objective    inf_pr   inf_du lg(mu)  ||d||  lg(rg) alpha_du alpha_pr  ls
 720  2.6401498e-02 1.86e-06 2.47e-06  -7.0 1.46e-04  -1.8 1.00e+00 1.00e+00h  1
 721  2.6401493e-02 1.51e-04 2.48e-06  -7.0 1.31e-03  -2.7 1.00e+00 1.00e+00h  1
 722  2.6401452e-02 1.27e-02 2.52e-06  -7.0 1.20e-02  -3.7 1.00e+00 1.00e+00h  1
 723  2.6401449e-02 3.42e-05 2.52e-06  -7.0 5.63e-04  -2.3 1.00e+00 1.00e+00h  1
 724  2.6401449e-02 4.01e-06 2.52e-06  -7.0 2.12e-04  -1.9 1.00e+00 1.00e+00h  1
 725  2.6401442e-02 3.26e-04 2.53e-06  -7.0 1.91e-03  -2.9 1.00e+00 1.00e+00h  1
 726  2.6401441e-02 7.45e-07 2.53e-06  -7.0 8.96e-05  -1.5 1.00e+00 1.00e+00h  1
 727  2.6401441e-02 6.48e-06 2.53e-06  -7.0 2.69e-04  -2.0 1.00e+00 1.00e+00h  1
 728  2.6401438e-02 5.85e-05 2.54e-06  -7.0 8.08e-04  -2.5 1.00e+00 1.00e+00h  1
 729  2.6401412e-02 4.84e-03 2.56e-06  -7.0 7.35e-03  -3.5 1.00e+00 1.00e+00h  1
iter    objective    inf_pr   inf_du lg(mu)  ||d||  lg(rg) alpha_du alpha_pr  ls
 730  2.6401410e-02 1.22e-05 2.56e-06  -7.0 3.44e-04  -2.1 1.00e+00 1.00e+00h  1
 731  2.6401399e-02 8.82e-04 2.58e-06  -7.0 3.12e-03  -3.1 1.00e+00 1.00e+00h  1
 732  2.6401387e-02 1.14e-03 2.59e-06  -7.0 3.52e-03  -3.1 1.00e+00 1.00e+00h  1
 733  2.6401373e-02 1.46e-03 2.60e-06  -7.0 3.99e-03  -3.2 1.00e+00 1.00e+00h  1
 734  2.6401372e-02 3.47e-06 2.60e-06  -7.0 1.87e-04  -1.9 1.00e+00 1.00e+00h  1
 735  2.6401370e-02 2.91e-05 2.61e-06  -7.0 5.61e-04  -2.3 1.00e+00 1.00e+00h  1
 736  2.6401369e-02 4.11e-06 2.61e-06  -7.0 2.11e-04  -1.9 1.00e+00 1.00e+00h  1
 737  2.6401367e-02 3.70e-05 2.61e-06  -7.0 6.32e-04  -2.4 1.00e+00 1.00e+00h  1
 738  2.6401366e-02 5.22e-06 2.61e-06  -7.0 2.37e-04  -2.0 1.00e+00 1.00e+00h  1
 739  2.6401364e-02 4.70e-05 2.61e-06  -7.0 7.13e-04  -2.4 1.00e+00 1.00e+00h  1
iter    objective    inf_pr   inf_du lg(mu)  ||d||  lg(rg) alpha_du alpha_pr  ls
 740  2.6401363e-02 6.64e-06 2.62e-06  -7.0 2.67e-04  -2.0 1.00e+00 1.00e+00h  1
 741  2.6401360e-02 5.98e-05 2.62e-06  -7.0 8.03e-04  -2.5 1.00e+00 1.00e+00h  1
 742  2.6401359e-02 8.44e-06 2.62e-06  -7.0 3.01e-04  -2.1 1.00e+00 1.00e+00h  1
 743  2.6401356e-02 7.61e-05 2.62e-06  -7.0 9.05e-04  -2.5 1.00e+00 1.00e+00h  1
 744  2.6401352e-02 9.68e-05 2.63e-06  -7.0 1.02e-03  -2.6 1.00e+00 1.00e+00h  1
 745  2.6401351e-02 1.37e-05 2.63e-06  -7.0 3.83e-04  -2.2 1.00e+00 1.00e+00h  1
 746  2.6401347e-02 1.23e-04 2.63e-06  -7.0 1.15e-03  -2.6 1.00e+00 1.00e+00h  1
 747  2.6401345e-02 1.74e-05 2.63e-06  -7.0 4.31e-04  -2.2 1.00e+00 1.00e+00h  1
 748  2.6401331e-02 1.43e-03 2.65e-06  -7.0 3.91e-03  -3.2 1.00e+00 1.00e+00h  1
 749  2.6401316e-02 1.84e-03 2.67e-06  -7.0 4.42e-03  -3.2 1.00e+00 1.00e+00h  1
iter    objective    inf_pr   inf_du lg(mu)  ||d||  lg(rg) alpha_du alpha_pr  ls
 750  2.6401315e-02 4.41e-06 2.67e-06  -7.0 2.07e-04  -1.9 1.00e+00 1.00e+00h  1
 751  2.6401313e-02 3.67e-05 2.67e-06  -7.0 6.23e-04  -2.4 1.00e+00 1.00e+00h  1
 752  2.6401312e-02 5.18e-06 2.67e-06  -7.0 2.34e-04  -1.9 1.00e+00 1.00e+00h  1
 753  2.6401312e-02 7.29e-07 2.67e-06  -7.0 8.76e-05  -1.5 1.00e+00 1.00e+00h  1
 754  2.6401311e-02 6.56e-06 2.67e-06  -7.0 2.63e-04  -2.0 1.00e+00 1.00e+00h  1
 755  2.6401308e-02 5.92e-05 2.68e-06  -7.0 7.90e-04  -2.5 1.00e+00 1.00e+00h  1
 756  2.6401307e-02 8.36e-06 2.68e-06  -7.0 2.96e-04  -2.0 1.00e+00 1.00e+00h  1
 757  2.6401304e-02 7.53e-05 2.68e-06  -7.0 8.90e-04  -2.5 1.00e+00 1.00e+00h  1
 758  2.6401271e-02 6.25e-03 7.20e-06  -7.0 8.11e-03  -3.5 1.00e+00 1.00e+00h  1
 759  2.6401270e-02 1.60e-05 2.71e-06  -7.0 3.80e-04  -2.1 1.00e+00 1.00e+00h  1
iter    objective    inf_pr   inf_du lg(mu)  ||d||  lg(rg) alpha_du alpha_pr  ls
 760  2.6401266e-02 1.26e-04 2.72e-06  -7.0 1.14e-03  -2.6 1.00e+00 1.00e+00h  1
 761  2.6401264e-02 1.79e-05 2.72e-06  -7.0 4.29e-04  -2.2 1.00e+00 1.00e+00h  1
 762  2.6401264e-02 2.51e-06 2.72e-06  -7.0 1.61e-04  -1.8 1.00e+00 1.00e+00h  1
 763  2.6401262e-02 2.26e-05 2.73e-06  -7.0 4.83e-04  -2.2 1.00e+00 1.00e+00h  1
 764  2.6401261e-02 3.19e-06 2.73e-06  -7.0 1.81e-04  -1.8 1.00e+00 1.00e+00h  1
 765  2.6401259e-02 2.87e-05 2.73e-06  -7.0 5.44e-04  -2.3 1.00e+00 1.00e+00h  1
 766  2.6401258e-02 4.05e-06 2.73e-06  -7.0 2.04e-04  -1.9 1.00e+00 1.00e+00h  1
 767  2.6401256e-02 3.65e-05 2.73e-06  -7.0 6.13e-04  -2.4 1.00e+00 1.00e+00h  1
 768  2.6401236e-02 3.00e-03 2.76e-06  -7.0 5.56e-03  -3.3 1.00e+00 1.00e+00h  1
 769  2.6401235e-02 7.36e-06 2.75e-06  -7.0 2.60e-04  -2.0 1.00e+00 1.00e+00h  1
iter    objective    inf_pr   inf_du lg(mu)  ||d||  lg(rg) alpha_du alpha_pr  ls
 770  2.6401232e-02 6.02e-05 2.76e-06  -7.0 7.83e-04  -2.5 1.00e+00 1.00e+00h  1
 771  2.6401207e-02 4.99e-03 2.79e-06  -7.0 7.13e-03  -3.4 1.00e+00 1.00e+00h  1
 772  2.6401205e-02 1.26e-05 2.79e-06  -7.0 3.34e-04  -2.1 1.00e+00 1.00e+00h  1
 773  2.6401202e-02 1.00e-04 2.80e-06  -7.0 1.00e-03  -2.6 1.00e+00 1.00e+00h  1
 774  2.6401200e-02 1.42e-05 2.80e-06  -7.0 3.77e-04  -2.1 1.00e+00 1.00e+00h  1
 775  2.6401188e-02 1.16e-03 2.81e-06  -7.0 3.41e-03  -3.1 1.00e+00 1.00e+00h  1
 776  2.6401174e-02 1.50e-03 2.83e-06  -7.0 3.86e-03  -3.1 1.00e+00 1.00e+00h  1
 777  2.6401174e-02 3.55e-06 2.83e-06  -7.0 1.81e-04  -1.8 1.00e+00 1.00e+00h  1
 778  2.6401172e-02 2.98e-05 2.83e-06  -7.0 5.43e-04  -2.3 1.00e+00 1.00e+00h  1
 779  2.6401171e-02 4.20e-06 2.83e-06  -7.0 2.04e-04  -1.9 1.00e+00 1.00e+00h  1
iter    objective    inf_pr   inf_du lg(mu)  ||d||  lg(rg) alpha_du alpha_pr  ls
 780  2.6401169e-02 3.78e-05 2.84e-06  -7.0 6.12e-04  -2.3 1.00e+00 1.00e+00h  1
 781  2.6401168e-02 5.34e-06 2.84e-06  -7.0 2.30e-04  -1.9 1.00e+00 1.00e+00h  1
 782  2.6401165e-02 4.81e-05 2.84e-06  -7.0 6.89e-04  -2.4 1.00e+00 1.00e+00h  1
 783  2.6401165e-02 6.78e-06 2.84e-06  -7.0 2.59e-04  -2.0 1.00e+00 1.00e+00h  1
 784  2.6401162e-02 6.11e-05 2.84e-06  -7.0 7.77e-04  -2.4 1.00e+00 1.00e+00h  1
 785  2.6401137e-02 5.07e-03 2.88e-06  -7.0 7.07e-03  -3.4 1.00e+00 1.00e+00h  1
 786  2.6401100e-02 6.67e-03 1.81e-05  -7.0 8.05e-03  -3.4 1.00e+00 1.00e+00h  1
 787  2.6401100e-02 1.71e-05 2.91e-06  -7.0 3.77e-04  -2.1 1.00e+00 1.00e+00h  1
 788  2.6401095e-02 1.34e-04 2.92e-06  -7.0 1.14e-03  -2.6 1.00e+00 1.00e+00h  1
 789  2.6401093e-02 1.90e-05 2.92e-06  -7.0 4.26e-04  -2.2 1.00e+00 1.00e+00h  1
iter    objective    inf_pr   inf_du lg(mu)  ||d||  lg(rg) alpha_du alpha_pr  ls
 790  2.6401078e-02 1.55e-03 2.94e-06  -7.0 3.86e-03  -3.1 1.00e+00 1.00e+00h  1
 791  2.6401061e-02 2.01e-03 2.96e-06  -7.0 4.37e-03  -3.2 1.00e+00 1.00e+00h  1
 792  2.6401043e-02 2.61e-03 2.98e-06  -7.0 4.96e-03  -3.2 1.00e+00 1.00e+00h  1
 793  2.6401042e-02 6.32e-06 2.98e-06  -7.0 2.32e-04  -1.9 1.00e+00 1.00e+00h  1
 794  2.6401039e-02 5.20e-05 2.99e-06  -7.0 6.98e-04  -2.4 1.00e+00 1.00e+00h  1
 795  2.6401016e-02 4.30e-03 3.02e-06  -7.0 6.35e-03  -3.3 1.00e+00 1.00e+00h  1
 796  2.6401014e-02 1.07e-05 3.01e-06  -7.0 2.97e-04  -2.0 1.00e+00 1.00e+00h  1
 797  2.6401011e-02 8.64e-05 3.02e-06  -7.0 8.94e-04  -2.5 1.00e+00 1.00e+00h  1
 798  2.6401010e-02 1.22e-05 3.03e-06  -7.0 3.35e-04  -2.0 1.00e+00 1.00e+00h  1
 799  2.6400999e-02 9.97e-04 3.04e-06  -7.0 3.03e-03  -3.0 1.00e+00 1.00e+00h  1
iter    objective    inf_pr   inf_du lg(mu)  ||d||  lg(rg) alpha_du alpha_pr  ls
 800  2.6400994e-02 1.43e-04 3.05e-06  -7.0 1.14e-03  -2.6 1.00e+00 1.00e+00h  1
 801  2.6400993e-02 2.00e-05 3.05e-06  -7.0 4.28e-04  -2.1 1.00e+00 1.00e+00h  1
 802  2.6400979e-02 1.64e-03 3.07e-06  -7.0 3.87e-03  -3.1 1.00e+00 1.00e+00h  1
 803  2.6400962e-02 2.12e-03 3.09e-06  -7.0 4.39e-03  -3.2 1.00e+00 1.00e+00h  1
 804  2.6400944e-02 2.75e-03 3.11e-06  -7.0 4.98e-03  -3.2 1.00e+00 1.00e+00h  1
 805  2.6400943e-02 6.69e-06 3.11e-06  -7.0 2.33e-04  -1.9 1.00e+00 1.00e+00h  1
 806  2.6400943e-02 8.58e-07 3.12e-06  -7.0 8.75e-05  -1.4 1.00e+00 1.00e+00h  1
 807  2.6400942e-02 7.72e-06 3.12e-06  -7.0 2.63e-04  -1.9 1.00e+00 1.00e+00h  1
 808  2.6400933e-02 6.30e-04 3.13e-06  -7.0 2.37e-03  -2.9 1.00e+00 1.00e+00h  1
 809  2.6400929e-02 8.98e-05 3.13e-06  -7.0 8.91e-04  -2.5 1.00e+00 1.00e+00h  1
iter    objective    inf_pr   inf_du lg(mu)  ||d||  lg(rg) alpha_du alpha_pr  ls
 810  2.6400899e-02 7.44e-03 3.18e-06  -7.0 8.13e-03  -3.4 1.00e+00 1.00e+00h  1
 811  2.6400898e-02 1.92e-05 3.17e-06  -7.0 3.80e-04  -2.1 1.00e+00 1.00e+00h  1
 812  2.6400885e-02 1.36e-03 3.20e-06  -7.0 3.45e-03  -3.0 1.00e+00 1.00e+00h  1
 813  2.6400870e-02 1.76e-03 3.22e-06  -7.0 3.91e-03  -3.1 1.00e+00 1.00e+00h  1
 814  2.6400853e-02 2.28e-03 3.24e-06  -7.0 4.43e-03  -3.1 1.00e+00 1.00e+00h  1
 815  2.6400852e-02 5.48e-06 3.24e-06  -7.0 2.07e-04  -1.8 1.00e+00 1.00e+00h  1
 816  2.6400850e-02 4.54e-05 3.24e-06  -7.0 6.24e-04  -2.3 1.00e+00 1.00e+00h  1
 817  2.6400828e-02 3.75e-03 3.28e-06  -7.0 5.67e-03  -3.2 1.00e+00 1.00e+00h  1
 818  2.6400803e-02 4.92e-03 3.31e-06  -7.0 6.44e-03  -3.3 1.00e+00 1.00e+00h  1
 819  2.6400802e-02 1.23e-05 3.30e-06  -7.0 3.01e-04  -2.0 1.00e+00 1.00e+00h  1
iter    objective    inf_pr   inf_du lg(mu)  ||d||  lg(rg) alpha_du alpha_pr  ls
 820  2.6400798e-02 9.86e-05 3.32e-06  -7.0 9.08e-04  -2.4 1.00e+00 1.00e+00h  1
 821  2.6400766e-02 8.22e-03 3.36e-06  -7.0 8.29e-03  -3.4 1.00e+00 1.00e+00h  1
 822  2.6400729e-02 1.10e-02 3.42e-06  -7.0 9.47e-03  -3.4 1.00e+00 1.00e+00h  1
 823  2.6400727e-02 2.90e-05 3.41e-06  -7.0 4.43e-04  -2.1 1.00e+00 1.00e+00h  1
 824  2.6400722e-02 2.21e-04 3.43e-06  -7.0 1.34e-03  -2.6 1.00e+00 1.00e+00h  1
 825  2.6400720e-02 3.13e-05 3.43e-06  -7.0 5.01e-04  -2.2 1.00e+00 1.00e+00h  1
 826  2.6400719e-02 4.40e-06 3.43e-06  -7.0 1.88e-04  -1.7 1.00e+00 1.00e+00h  1
 827  2.6400717e-02 3.97e-05 3.44e-06  -7.0 5.65e-04  -2.2 1.00e+00 1.00e+00h  1
 828  2.6400716e-02 5.60e-06 3.44e-06  -7.0 2.12e-04  -1.8 1.00e+00 1.00e+00h  1
 829  2.6400713e-02 5.04e-05 3.44e-06  -7.0 6.36e-04  -2.3 1.00e+00 1.00e+00h  1
iter    objective    inf_pr   inf_du lg(mu)  ||d||  lg(rg) alpha_du alpha_pr  ls
 830  2.6400706e-02 4.57e-04 3.45e-06  -7.0 1.92e-03  -2.7 1.00e+00 1.00e+00h  1
 831  2.6400697e-02 5.86e-04 3.47e-06  -7.0 2.16e-03  -2.8 1.00e+00 1.00e+00h  1
 832  2.6400694e-02 8.34e-05 3.47e-06  -7.0 8.12e-04  -2.4 1.00e+00 1.00e+00h  1
 833  2.6400693e-02 1.17e-05 3.47e-06  -7.0 3.05e-04  -1.9 1.00e+00 1.00e+00h  1
 834  2.6400689e-02 1.06e-04 3.48e-06  -7.0 9.16e-04  -2.4 1.00e+00 1.00e+00h  1
 835  2.6400687e-02 1.49e-05 3.48e-06  -7.0 3.44e-04  -2.0 1.00e+00 1.00e+00h  1
 836  2.6400683e-02 1.35e-04 3.49e-06  -7.0 1.03e-03  -2.5 1.00e+00 1.00e+00h  1
 837  2.6400645e-02 1.13e-02 3.54e-06  -7.0 9.45e-03  -3.4 1.00e+00 1.00e+00h  1
 838  2.6400643e-02 3.00e-05 3.53e-06  -7.0 4.41e-04  -2.1 1.00e+00 1.00e+00h  1
 839  2.6400638e-02 2.29e-04 3.55e-06  -7.0 1.33e-03  -2.6 1.00e+00 1.00e+00h  1
iter    objective    inf_pr   inf_du lg(mu)  ||d||  lg(rg) alpha_du alpha_pr  ls
 840  2.6400588e-02 1.94e-02 3.63e-06  -7.0 1.22e-02  -3.5 1.00e+00 1.00e+00h  1
 841  2.6400044e-02 2.45e+00 8.45e-05  -7.0 1.37e-01  -4.5 1.00e+00 1.00e+00h  1
 842  2.6399961e-02 2.19e-02 1.74e-05  -7.0 1.19e-03  -2.3 1.00e+00 1.00e+00h  1
 843  2.6399921e-02 9.54e-03 8.83e-06  -7.0 7.47e-03  -3.2 1.00e+00 1.00e+00h  1
 844  2.6399919e-02 2.60e-05 4.69e-06  -7.0 3.52e-04  -1.9 1.00e+00 1.00e+00h  1
 845  2.6399901e-02 1.85e-03 4.76e-06  -7.0 3.22e-03  -2.8 1.00e+00 1.00e+00h  1
 846  2.6399881e-02 2.42e-03 4.80e-06  -7.0 3.65e-03  -2.9 1.00e+00 1.00e+00h  1
 847  2.6399858e-02 3.14e-03 4.84e-06  -7.0 4.14e-03  -2.9 1.00e+00 1.00e+00h  1
 848  2.6399832e-02 4.09e-03 4.88e-06  -7.0 4.70e-03  -3.0 1.00e+00 1.00e+00h  1
 849  2.6399802e-02 5.35e-03 4.94e-06  -7.0 5.34e-03  -3.0 1.00e+00 1.00e+00h  1
iter    objective    inf_pr   inf_du lg(mu)  ||d||  lg(rg) alpha_du alpha_pr  ls
 850  2.6399768e-02 7.03e-03 4.99e-06  -7.0 6.08e-03  -3.1 1.00e+00 1.00e+00h  1
 851  2.6399766e-02 1.78e-05 4.96e-06  -7.0 2.83e-04  -1.8 1.00e+00 1.00e+00h  1
 852  2.6399762e-02 1.41e-04 5.00e-06  -7.0 8.57e-04  -2.2 1.00e+00 1.00e+00h  1
 853  2.6399747e-02 1.28e-03 5.03e-06  -7.0 2.58e-03  -2.7 1.00e+00 1.00e+00h  1
 854  2.6399741e-02 1.84e-04 5.04e-06  -7.0 9.70e-04  -2.3 1.00e+00 1.00e+00h  1
 855  2.6399725e-02 1.67e-03 5.07e-06  -7.0 2.93e-03  -2.8 1.00e+00 1.00e+00h  1
 856  2.6399718e-02 2.39e-04 5.08e-06  -7.0 1.10e-03  -2.3 1.00e+00 1.00e+00h  1
 857  2.6399716e-02 3.35e-05 5.08e-06  -7.0 4.13e-04  -1.9 1.00e+00 1.00e+00h  1
 858  2.6399709e-02 3.03e-04 5.10e-06  -7.0 1.24e-03  -2.4 1.00e+00 1.00e+00h  1
 859  2.6399706e-02 4.29e-05 5.10e-06  -7.0 4.66e-04  -2.0 1.00e+00 1.00e+00h  1
iter    objective    inf_pr   inf_du lg(mu)  ||d||  lg(rg) alpha_du alpha_pr  ls
 860  2.6399698e-02 3.88e-04 5.12e-06  -7.0 1.40e-03  -2.4 1.00e+00 1.00e+00h  1
 861  2.6399695e-02 5.50e-05 5.12e-06  -7.0 5.26e-04  -2.0 1.00e+00 1.00e+00h  1
 862  2.6399667e-02 4.53e-03 5.17e-06  -7.0 4.79e-03  -3.0 1.00e+00 1.00e+00h  1
 863  2.6399656e-02 6.58e-04 5.18e-06  -7.0 1.80e-03  -2.5 1.00e+00 1.00e+00h  1
 864  2.6399652e-02 9.24e-05 5.19e-06  -7.0 6.76e-04  -2.1 1.00e+00 1.00e+00h  1
 865  2.6399640e-02 8.35e-04 5.22e-06  -7.0 2.04e-03  -2.6 1.00e+00 1.00e+00h  1
 866  2.6399528e-02 7.34e-02 5.42e-06  -7.0 1.91e-02  -3.5 1.00e+00 1.00e+00h  1
 867  2.6399387e-02 1.08e-01 5.66e-06  -7.0 2.24e-02  -3.6 1.00e+00 1.00e+00h  1
 868  2.6399377e-02 3.39e-04 5.45e-06  -7.0 1.01e-03  -2.3 1.00e+00 1.00e+00h  1
 869  2.6399314e-02 2.09e-02 5.79e-06  -7.0 9.65e-03  -3.2 1.00e+00 1.00e+00h  1
iter    objective    inf_pr   inf_du lg(mu)  ||d||  lg(rg) alpha_du alpha_pr  ls
 870  2.6399240e-02 2.88e-02 5.92e-06  -7.0 1.11e-02  -3.3 1.00e+00 1.00e+00h  1
 871  2.6399151e-02 3.96e-02 6.07e-06  -7.0 1.28e-02  -3.3 1.00e+00 1.00e+00h  1
 872  2.6399039e-02 5.51e-02 1.19e-05  -7.0 1.49e-02  -3.4 1.00e+00 1.00e+00h  1
 873  2.6399034e-02 1.60e-04 6.03e-06  -7.0 6.71e-04  -2.0 1.00e+00 1.00e+00h  1
 874  2.6399019e-02 1.13e-03 6.28e-06  -7.0 2.10e-03  -2.5 1.00e+00 1.00e+00h  1
 875  2.6399013e-02 1.62e-04 6.29e-06  -7.0 7.87e-04  -2.1 1.00e+00 1.00e+00h  1
 876  2.6398995e-02 1.46e-03 6.32e-06  -7.0 2.38e-03  -2.6 1.00e+00 1.00e+00h  1
 877  2.6398988e-02 2.09e-04 6.33e-06  -7.0 8.91e-04  -2.1 1.00e+00 1.00e+00h  1
 878  2.6398967e-02 1.90e-03 6.37e-06  -7.0 2.69e-03  -2.6 1.00e+00 1.00e+00h  1
 879  2.6398960e-02 2.72e-04 6.37e-06  -7.0 1.01e-03  -2.2 1.00e+00 1.00e+00h  1
iter    objective    inf_pr   inf_du lg(mu)  ||d||  lg(rg) alpha_du alpha_pr  ls
 880  2.6398957e-02 3.82e-05 6.38e-06  -7.0 3.79e-04  -1.8 1.00e+00 1.00e+00h  1
 881  2.6398948e-02 3.45e-04 6.40e-06  -7.0 1.14e-03  -2.3 1.00e+00 1.00e+00h  1
 882  2.6398868e-02 2.93e-02 6.55e-06  -7.0 1.05e-02  -3.2 1.00e+00 1.00e+00h  1
 883  2.6398774e-02 4.06e-02 6.70e-06  -7.0 1.21e-02  -3.3 1.00e+00 1.00e+00h  1
 884  2.6398768e-02 1.13e-04 6.45e-06  -7.0 5.46e-04  -1.9 1.00e+00 1.00e+00h  1
 885  2.6398754e-02 8.27e-04 6.72e-06  -7.0 1.71e-03  -2.4 1.00e+00 1.00e+00h  1
 886  2.6398627e-02 7.21e-02 6.96e-06  -7.0 1.59e-02  -3.4 1.00e+00 1.00e+00h  1
 887  2.6398471e-02 1.05e-01 7.20e-06  -7.0 1.85e-02  -3.4 1.00e+00 1.00e+00h  1
 888  2.6398445e-02 2.45e-03 7.05e-06  -7.0 2.55e-03  -2.6 1.00e+00 1.00e+00h  1
 889  2.6398436e-02 3.10e-04 7.22e-06  -7.0 9.79e-04  -2.1 1.00e+00 1.00e+00h  1
iter    objective    inf_pr   inf_du lg(mu)  ||d||  lg(rg) alpha_du alpha_pr  ls
 890  2.6398433e-02 4.34e-05 7.23e-06  -7.0 3.68e-04  -1.7 1.00e+00 1.00e+00h  1
 891  2.6398423e-02 3.92e-04 7.25e-06  -7.0 1.11e-03  -2.2 1.00e+00 1.00e+00h  1
 892  2.6398333e-02 3.33e-02 7.42e-06  -7.0 1.02e-02  -3.1 1.00e+00 1.00e+00h  1
 893  2.6398226e-02 4.61e-02 7.57e-06  -7.0 1.17e-02  -3.2 1.00e+00 1.00e+00h  1
 894  2.6398219e-02 1.25e-04 7.13e-06  -7.0 5.16e-04  -1.9 1.00e+00 1.00e+00h  1
 895  2.6398172e-02 8.55e-03 7.64e-06  -7.0 4.97e-03  -2.8 1.00e+00 1.00e+00h  1
 896  2.6398154e-02 1.25e-03 7.63e-06  -7.0 1.86e-03  -2.4 1.00e+00 1.00e+00h  1
 897  2.6398100e-02 1.14e-02 7.75e-06  -7.0 5.68e-03  -2.9 1.00e+00 1.00e+00h  1
 898  2.6398037e-02 1.51e-02 7.83e-06  -7.0 6.46e-03  -2.9 1.00e+00 1.00e+00h  1
 899  2.6398012e-02 2.22e-03 7.82e-06  -7.0 2.42e-03  -2.5 1.00e+00 1.00e+00h  1
iter    objective    inf_pr   inf_du lg(mu)  ||d||  lg(rg) alpha_du alpha_pr  ls
 900  2.6398003e-02 3.11e-04 7.85e-06  -7.0 9.10e-04  -2.1 1.00e+00 1.00e+00h  1
 901  2.6397919e-02 2.60e-02 8.01e-06  -7.0 8.36e-03  -3.0 1.00e+00 1.00e+00h  1
 902  2.6397821e-02 3.53e-02 8.13e-06  -7.0 9.54e-03  -3.1 1.00e+00 1.00e+00h  1
 903  2.6397815e-02 9.16e-05 7.60e-06  -7.0 4.18e-04  -1.7 1.00e+00 1.00e+00h  1
 904  2.6397801e-02 7.13e-04 8.13e-06  -7.0 1.34e-03  -2.2 1.00e+00 1.00e+00h  1
 905  2.6397795e-02 1.01e-04 8.12e-06  -7.0 5.03e-04  -1.8 1.00e+00 1.00e+00h  1
 906  2.6397779e-02 9.15e-04 8.16e-06  -7.0 1.51e-03  -2.3 1.00e+00 1.00e+00h  1
 907  2.6397630e-02 7.91e-02 8.40e-06  -7.0 1.41e-02  -3.2 1.00e+00 1.00e+00h  1
 908  2.6397620e-02 2.08e-04 7.48e-06  -7.0 5.86e-04  -1.9 1.00e+00 1.00e+00h  1
 909  2.6397598e-02 1.63e-03 8.36e-06  -7.0 1.97e-03  -2.4 1.00e+00 1.00e+00h  1
iter    objective    inf_pr   inf_du lg(mu)  ||d||  lg(rg) alpha_du alpha_pr  ls
 910  2.6397393e-02 1.44e-01 8.68e-06  -7.0 1.84e-02  -3.3 1.00e+00 1.00e+00h  1
 911  2.6394620e-02 2.66e+01 7.64e-04  -7.0 2.57e-01  -4.3 1.00e+00 1.00e+00h  1
 912  2.6392575e-02 6.52e+00 5.11e-04  -7.0 4.20e-02  -3.9 1.00e+00 1.00e+00h  1
 913  2.6392726e-02 6.21e-02 1.55e-04  -7.0 1.74e-02  -3.0 1.00e+00 1.00e+00h  1
 914  2.6392580e-02 5.87e-02 1.27e-05  -7.0 6.09e-03  -3.1 1.00e+00 1.00e+00h  1
 915  2.6392404e-02 6.16e-02 4.67e-06  -7.0 5.97e-03  -3.1 1.00e+00 1.00e+00h  1
 916  2.6392212e-02 7.23e-02 4.39e-06  -7.0 6.32e-03  -3.2 1.00e+00 1.00e+00h  1
 917  2.6392203e-02 7.52e-05 3.53e-06  -7.0 2.37e-04  -1.8 1.00e+00 1.00e+00h  1
 918  2.6392177e-02 1.38e-03 4.28e-06  -7.0 8.60e-04  -2.3 1.00e+00 1.00e+00h  1
 919  2.6391952e-02 1.05e-01 4.09e-06  -7.0 7.46e-03  -3.3 1.00e+00 1.00e+00h  1
iter    objective    inf_pr   inf_du lg(mu)  ||d||  lg(rg) alpha_du alpha_pr  ls
 920  2.6388975e-02 3.56e+01 1.05e-03  -7.0 3.73e-01    -  1.00e+00 6.97e-01h  1
 921  2.6388885e-02 4.68e+00 8.64e-03  -7.0 5.75e-02  -1.9 1.68e-03 7.54e-01h  1
 922  2.6389238e-02 1.38e-01 1.27e-03  -7.0 3.43e-03  -2.4 1.00e+00 1.00e+00h  1
 923  2.6388993e-02 5.80e-01 3.54e-04  -7.0 1.82e-01    -  1.00e+00 1.00e+00H  1
 924  2.6389014e-02 1.75e-03 1.80e-06  -7.0 5.29e-04  -2.5 1.00e+00 1.00e+00h  1
 925  2.6389017e-02 8.61e-06 8.38e-07  -7.0 8.99e-05  -2.0 1.00e+00 1.00e+00h  1

Number of Iterations....: 925

                                   (scaled)                 (unscaled)
Objective...............:   2.6389016540795559e-02    2.6389016540795559e-02
Dual infeasibility......:   8.3771963959253070e-07    8.3771963959253070e-07
Constraint violation....:   5.6918911098263792e-07    8.6080452490477910e-06
Variable bound violation:   0.0000000000000000e+00    0.0000000000000000e+00
Complementarity.........:   9.0909090909090954e-08    9.0909090909090954e-08
Overall NLP error.......:   8.3771963959253070e-07    8.6080452490477910e-06


Number of objective function evaluations             = 989
Number of objective gradient evaluations             = 926
Number of equality constraint evaluations            = 989
Number of inequality constraint evaluations          = 0
Number of equality constraint Jacobian evaluations   = 926
Number of inequality constraint Jacobian evaluations = 0
Number of Lagrangian Hessian evaluations             = 925
Total seconds in IPOPT                               = 154.004

EXIT: Optimal Solution Found.
      solver  :   t_proc      (avg)   t_wall      (avg)    n_eval
       nlp_f  |  11.00ms ( 11.12us)  12.20ms ( 12.33us)       989
       nlp_g  |   1.06 s (  1.07ms)   1.06 s (  1.07ms)       989
  nlp_grad_f  |  28.00ms ( 30.17us)  28.19ms ( 30.38us)       928
  nlp_hess_l  |   3.68 s (  3.98ms)   3.65 s (  3.95ms)       925
   nlp_jac_g  |  12.02 s ( 12.97ms)  12.02 s ( 12.96ms)       927
       total  | 154.01 s (154.01 s) 154.01 s (154.01 s)         1
Computation time solving OCP: 156.1 s
