This is Ipopt version 3.14.11, running with linear solver MUMPS 5.4.1.

Number of nonzeros in equality constraint Jacobian...:    53130
Number of nonzeros in inequality constraint Jacobian.:        0
Number of nonzeros in Lagrangian Hessian.............:    32348

Total number of variables............................:     9886
                     variables with only lower bounds:     1854
                variables with lower and upper bounds:     8032
                     variables with only upper bounds:        0
Total number of equality constraints.................:     7992
Total number of inequality constraints...............:        0
        inequality constraints with only lower bounds:        0
   inequality constraints with lower and upper bounds:        0
        inequality constraints with only upper bounds:        0

iter    objective    inf_pr   inf_du lg(mu)  ||d||  lg(rg) alpha_du alpha_pr  ls
   0  1.3843440e+01 1.01e+02 1.81e+00  -1.0 0.00e+00    -  0.00e+00 0.00e+00   0
   1  1.3884117e+01 9.09e+01 5.46e+02  -1.0 1.06e+01    -  5.80e-02 8.86e-02f  1
   2  1.4047033e+01 6.26e+01 2.41e+02  -1.0 1.44e+01    -  5.23e-02 1.13e-01f  1
   3  1.4167941e+01 5.83e+01 2.30e+02  -1.0 3.53e+00   0.0 6.83e-02 5.54e-02f  1
   4  1.4196838e+01 5.76e+01 2.26e+02  -1.0 4.34e+00  -0.5 1.81e-01 1.27e-02f  1
   5  1.4293393e+01 5.45e+01 2.13e+02  -1.0 1.41e+01  -1.0 7.36e-02 4.22e-02f  1
   6  1.4308967e+01 5.37e+01 2.10e+02  -1.0 5.58e+01    -  1.67e-02 1.42e-02f  1
   7  1.5331604e+01 3.48e+01 4.07e+02  -1.0 1.16e+01  -1.4 2.13e-02 2.58e-01f  1
   8  1.5699087e+01 3.09e+01 3.45e+02  -1.0 2.54e+00  -0.1 1.70e-01 1.06e-01f  1
   9  1.6673217e+01 1.88e+01 8.44e+02  -1.0 2.41e+00   0.3 1.06e-01 3.29e-01f  1
iter    objective    inf_pr   inf_du lg(mu)  ||d||  lg(rg) alpha_du alpha_pr  ls
  10  1.6668802e+01 1.88e+01 1.46e+04  -1.0 8.71e-01   2.6 2.65e-01 3.30e-03h  1
  11  1.6655682e+01 1.86e+01 1.59e+04  -1.0 1.56e+00   2.1 5.04e-02 8.61e-03h  1
  12  1.6654537e+01 1.86e+01 2.61e+04  -1.0 2.69e+00   2.5 9.63e-03 5.09e-04h  1
  13  1.6625701e+01 1.84e+01 9.39e+04  -1.0 2.92e+00   2.0 7.50e-02 1.29e-02f  1
  14  1.6571516e+01 1.78e+01 1.03e+05  -1.0 2.91e+00   1.6 7.64e-02 3.03e-02f  1
  15  1.6571279e+01 1.78e+01 1.03e+05  -1.0 3.13e+01   1.1 8.76e-04 9.93e-04h  1
  16  1.6601712e+01 1.71e+01 8.48e+04  -1.0 3.73e+00   0.6 1.26e-01 3.57e-02f  1
  17  1.6500456e+01 1.63e+01 6.76e+04  -1.0 2.25e+00   1.9 2.28e-02 4.96e-02f  1
  18  1.6488193e+01 1.61e+01 6.70e+04  -1.0 3.14e+00   1.4 7.16e-03 1.07e-02f  1
  19  1.6483734e+01 1.61e+01 1.23e+06  -1.0 2.26e+00   2.8 3.86e-01 2.10e-03h  1
iter    objective    inf_pr   inf_du lg(mu)  ||d||  lg(rg) alpha_du alpha_pr  ls
  20  1.6377142e+01 1.52e+01 1.08e+06  -1.0 2.62e+00   2.3 2.43e-01 5.12e-02h  1
  21  1.6341397e+01 1.49e+01 1.02e+06  -1.0 3.42e+00   1.8 5.13e-02 2.34e-02f  1
  22  1.6341263e+01 1.49e+01 1.02e+06  -1.0 1.79e+02   1.3 2.18e-04 1.60e-04h  1
  23  1.6335788e+01 1.48e+01 8.64e+05  -1.0 3.30e+00   1.8 1.24e-01 3.96e-03h  1
  24  1.6033688e+01 1.21e+01 5.72e+05  -1.0 3.17e+00   2.2 3.32e-01 1.75e-01h  1
  25  1.5949750e+01 1.08e+01 5.55e+05  -1.0 2.85e+00   1.7 7.35e-02 1.11e-01f  1
  26  1.5910275e+01 1.04e+01 1.04e+05  -1.0 2.93e+00   2.1 4.53e-01 3.82e-02h  1
  27  1.5758898e+01 6.72e+00 1.91e+05  -1.0 3.11e+00   1.7 1.16e-02 3.36e-01f  1
  28  1.5613258e+01 5.49e+00 1.55e+05  -1.0 1.73e+00   2.1 6.38e-03 1.80e-01f  1
  29  1.5598520e+01 5.37e+00 1.52e+05  -1.0 9.95e-01   2.5 1.60e-01 2.18e-02h  1
iter    objective    inf_pr   inf_du lg(mu)  ||d||  lg(rg) alpha_du alpha_pr  ls
  30  1.5475183e+01 4.24e+00 1.20e+05  -1.0 1.60e+00   2.0 3.94e-02 2.06e-01f  1
  31  1.5431148e+01 3.88e+00 1.09e+05  -1.0 7.09e-01   2.5 7.70e-02 8.48e-02f  1
  32  1.5280949e+01 2.55e+00 1.02e+05  -1.0 2.88e+00   2.0 4.19e-02 3.37e-01f  1
  33  1.5123149e+01 1.34e+00 9.26e+04  -1.0 6.33e-01   2.4 1.44e-01 4.68e-01f  1
  34  1.5101807e+01 1.32e+00 9.15e+04  -1.0 1.07e+01   1.9 1.15e-02 1.08e-02f  1
  35  1.5020220e+01 1.20e-01 9.00e+04  -1.0 2.08e-01   2.4 6.44e-02 8.95e-01f  1
  36  1.5386018e+01 1.91e-02 4.39e+04  -1.0 5.43e-02   1.9 5.09e-01 1.00e+00f  1
  37  1.6380214e+01 1.31e-01 1.62e+04  -1.0 1.07e-01   1.4 6.32e-01 1.00e+00f  1
  38  1.8311393e+01 8.69e-01 7.25e+03  -1.0 3.09e-01   0.9 5.53e-01 1.00e+00f  1
  39  1.8829769e+01 1.00e+00 3.84e+03  -1.0 8.12e-01   0.5 4.70e-01 3.50e-01f  1
iter    objective    inf_pr   inf_du lg(mu)  ||d||  lg(rg) alpha_du alpha_pr  ls
  40  1.7759004e+01 2.60e+01 2.44e+03  -1.0 1.42e+00  -0.0 3.66e-01 2.89e-01f  1
  41  1.5908111e+01 5.40e+01 2.01e+03  -1.0 6.75e+00  -0.5 1.76e-01 1.96e-01f  1
  42  1.4205200e+01 3.51e+01 1.14e+03  -1.0 1.37e+00  -0.1 4.34e-01 4.56e-01f  1
  43  1.2843991e+01 2.58e+01 6.87e+02  -1.0 1.91e+00  -0.5 3.98e-01 2.47e-01f  1
  44  1.1131163e+01 8.14e+00 2.73e+02  -1.0 4.77e-01  -0.1 5.99e-01 9.02e-01f  1
  45  9.9016020e+00 6.35e+00 4.70e+02  -1.0 3.68e-01   0.3 2.09e-01 1.00e+00f  1
  46  7.3347795e+00 1.64e+02 6.38e+02  -1.0 5.91e+00  -0.2 6.30e-01 1.00e+00F  1
  47  7.1916040e+00 1.61e+02 6.25e+02  -1.0 2.36e+01   0.3 1.22e-01 2.06e-02f  1
  48  5.7261928e+00 1.05e+02 1.53e+02  -1.0 1.01e+00  -0.2 9.11e-02 5.60e-01f  1
  49  7.8764257e+00 9.41e+00 2.83e+02  -1.0 9.06e-01   0.2 9.17e-01 1.00e+00f  1
iter    objective    inf_pr   inf_du lg(mu)  ||d||  lg(rg) alpha_du alpha_pr  ls
  50  7.7902590e+00 1.78e+00 1.50e+02  -1.0 5.70e-01   0.6 7.94e-01 1.00e+00f  1
  51  7.4992667e+00 8.81e+00 6.93e+02  -1.0 1.27e+00   0.2 8.66e-01 1.00e+00f  1
  52  7.4606847e+00 2.69e+00 2.22e+02  -1.0 3.64e-01   0.6 1.00e+00 6.84e-01h  1
  53  7.0794605e+00 4.19e+00 1.07e+02  -1.0 6.12e-01   0.1 1.00e+00 1.00e+00f  1
  54  7.0142411e+00 1.42e+00 2.27e+01  -1.0 2.58e-01   0.5 1.00e+00 1.00e+00h  1
  55  6.8803886e+00 3.03e+00 1.89e+01  -1.0 3.09e-01   0.1 1.00e+00 8.41e-01f  1
  56  6.5195413e+00 4.07e+01 4.69e+01  -1.0 5.51e-01  -0.4 8.22e-01 1.00e+00f  1
  57  6.4295960e+00 6.01e+01 1.30e+02  -1.0 3.33e+01  -0.9 5.44e-02 2.77e-02h  2
  58  6.5831721e+00 9.65e+00 4.59e+01  -1.0 6.73e-01  -0.5 1.00e+00 1.00e+00h  1
  59  6.5393579e+00 8.15e-01 2.40e+01  -1.0 1.84e-01  -0.1 1.00e+00 1.00e+00h  1
iter    objective    inf_pr   inf_du lg(mu)  ||d||  lg(rg) alpha_du alpha_pr  ls
  60  6.4822898e+00 8.95e+00 4.66e+01  -1.0 1.94e-01  -0.5 1.00e+00 1.00e+00h  1
  61  6.3592716e+00 4.65e+01 6.19e+01  -1.0 2.92e+00    -  9.99e-01 1.00e+00h  1
  62  6.3835423e+00 3.54e+01 2.53e+01  -1.0 1.98e+00    -  1.00e+00 1.00e+00h  1
  63  6.3820425e+00 5.90e+00 6.96e+00  -1.0 2.70e-01    -  1.00e+00 1.00e+00h  1
  64  6.3808692e+00 2.59e-01 5.10e-01  -1.0 3.06e-02    -  1.00e+00 1.00e+00h  1
  65  3.4484894e+00 3.42e+00 1.20e+00  -1.7 7.10e-01    -  8.83e-01 1.00e+00f  1
  66  1.5102579e+00 6.86e+00 8.28e-01  -1.7 4.56e+00    -  1.00e+00 1.00e+00H  1
  67  1.1781896e+00 1.99e+01 4.49e-01  -1.7 3.12e+00    -  1.00e+00 1.00e+00H  1
  68  1.8559211e+00 6.14e+00 9.07e-01  -1.7 1.36e+00    -  1.00e+00 1.00e+00h  1
  69  1.8166528e+00 7.16e+00 1.15e+00  -1.7 3.35e-01  -1.0 1.00e+00 1.00e+00h  1
iter    objective    inf_pr   inf_du lg(mu)  ||d||  lg(rg) alpha_du alpha_pr  ls
  70  1.5529338e+00 8.37e-01 2.01e-01  -1.7 6.04e+00    -  1.00e+00 1.00e+00h  1
  71  1.5617787e+00 2.59e-01 3.08e-02  -1.7 4.06e+00    -  1.00e+00 1.00e+00h  1
  72  5.2344574e-01 2.10e+00 1.03e+00  -2.5 1.16e+00    -  7.94e-01 1.00e+00f  1
  73  3.7285724e-01 5.90e-02 1.98e-02  -2.5 2.55e-02  -0.6 1.00e+00 1.00e+00h  1
  74  2.4367927e-01 6.31e-01 1.42e-01  -3.8 3.66e-01    -  8.76e-01 1.00e+00h  1
  75  2.3874175e-01 1.30e-02 4.35e-03  -3.8 1.20e-02  -1.1 1.00e+00 1.00e+00h  1
  76  1.3753378e-01 9.01e+00 2.71e-02  -3.8 1.23e+00    -  1.00e+00 1.00e+00h  1
  77  1.3763060e-01 7.15e-01 1.29e-02  -3.8 3.65e-02  -1.5 1.00e+00 1.00e+00h  1
  78  1.4086594e-01 2.21e+01 2.99e-02  -3.8 6.27e-01    -  1.00e+00 1.00e+00h  1
  79  1.4066593e-01 3.20e+00 8.23e-03  -3.8 5.26e-02  -2.0 1.00e+00 1.00e+00h  1
iter    objective    inf_pr   inf_du lg(mu)  ||d||  lg(rg) alpha_du alpha_pr  ls
  80  1.3822735e-01 3.63e+01 2.38e-02  -3.8 9.00e-01    -  5.72e-01 1.00e+00h  1
  81  1.3835746e-01 1.48e+01 1.70e-02  -3.8 4.63e+00    -  1.00e+00 1.69e-01h  2
  82  1.3944901e-01 1.18e+02 1.33e-02  -3.8 1.78e+00    -  1.80e-01 1.00e+00h  1
  83  1.3974645e-01 1.06e+02 1.85e-02  -3.8 9.46e+00    -  4.29e-02 1.09e-01h  2
  84  1.3962649e-01 1.01e+02 1.14e-02  -3.8 6.00e+00  -2.5 5.92e-01 4.29e-02h  3
  85  1.3959215e-01 9.87e+01 1.12e-02  -3.8 4.29e+00  -2.1 4.52e-01 2.24e-02h  4
  86  1.3961196e-01 9.74e+01 1.10e-02  -3.8 2.80e+00  -2.5 3.62e-01 1.35e-02h  5
  87  1.3961067e-01 9.71e+01 1.27e-02  -3.8 3.18e+00  -2.1 1.00e+00 3.14e-03h  7
  88  1.4111692e-01 5.49e+01 5.03e-01  -3.8 1.66e+00  -2.6 4.08e-01 3.03e-01h  1
  89  1.4208917e-01 4.35e+01 6.69e-01  -3.8 8.05e-01  -1.3 7.43e-01 1.55e-01h  1
iter    objective    inf_pr   inf_du lg(mu)  ||d||  lg(rg) alpha_du alpha_pr  ls
  90  1.4424722e-01 2.09e+01 6.97e-01  -3.8 2.38e-01  -1.7 4.90e-01 1.00e+00h  1
  91  1.4069427e-01 1.16e+00 2.14e-01  -3.8 1.43e-01  -2.2 6.98e-01 1.00e+00h  1
  92  1.4040714e-01 1.34e+01 1.96e-01  -3.8 5.61e-01  -2.7 6.83e-01 1.00e+00h  1
  93  1.3999914e-01 2.72e+01 2.36e-01  -3.8 5.25e+00    -  4.50e-02 2.35e-01h  1
  94  1.4003936e-01 1.68e+01 1.26e-01  -3.8 1.03e+00  -2.3 9.04e-01 4.71e-01h  1
  95  1.3938273e-01 1.16e+01 7.28e-02  -3.8 3.48e+00    -  1.55e-01 3.62e-01h  1
  96  1.3914027e-01 2.07e+01 5.50e-02  -3.8 5.08e+00    -  1.56e-02 1.91e-01h  1
  97  1.3922769e-01 2.05e+01 4.33e-02  -3.8 3.01e+01  -2.7 1.65e-02 1.44e-02h  2
  98  1.3923744e-01 1.61e+01 8.13e-02  -3.8 9.61e-01    -  1.98e-01 1.00e+00h  1
  99  1.3929673e-01 6.27e+00 1.59e-02  -3.8 1.02e+00    -  1.00e+00 1.00e+00h  1
iter    objective    inf_pr   inf_du lg(mu)  ||d||  lg(rg) alpha_du alpha_pr  ls
 100  1.3921848e-01 8.85e+00 2.84e-02  -3.8 7.44e-01    -  9.91e-01 1.00e+00h  1
 101  1.3923440e-01 2.22e+01 3.07e-02  -3.8 3.04e-01    -  1.00e+00 1.00e+00h  1
 102  1.3921853e-01 5.13e-01 3.24e-02  -3.8 1.01e-01    -  1.00e+00 1.00e+00h  1
 103  1.3921326e-01 5.74e+01 2.98e-02  -3.8 3.17e-01    -  1.00e+00 1.00e+00h  1
 104  1.3921207e-01 8.08e+01 1.22e-01  -3.8 1.27e-01    -  1.00e+00 1.00e+00h  1
 105  1.3921327e-01 1.32e+01 2.86e-02  -3.8 4.85e-02    -  1.00e+00 1.00e+00h  1
 106  1.3920950e-01 9.46e+00 5.56e-03  -3.8 1.95e-01    -  1.00e+00 1.00e+00h  1
 107  1.3920790e-01 8.58e-01 1.23e-03  -3.8 1.57e-01    -  1.00e+00 1.00e+00h  1
 108  1.3920806e-01 6.86e-03 3.51e-06  -3.8 7.16e-03    -  1.00e+00 1.00e+00h  1
 109  8.5817086e-02 1.18e+00 5.35e-03  -5.7 1.02e+00    -  7.34e-01 1.00e+00h  1
iter    objective    inf_pr   inf_du lg(mu)  ||d||  lg(rg) alpha_du alpha_pr  ls
 110  4.0421197e-02 3.26e+00 1.33e-03  -5.7 1.16e+00    -  6.25e-01 1.00e+00h  1
 111  2.5277620e-02 1.69e+00 3.81e-04  -5.7 4.96e-01    -  9.58e-01 9.43e-01h  1
 112  2.4693127e-02 2.67e+01 1.20e-02  -5.7 2.27e+01    -  3.78e-02 6.73e-02h  1
 113  2.1783725e-02 1.47e+01 8.40e-03  -5.7 1.16e+00    -  2.92e-01 3.87e-01h  1
 114  1.8850293e-02 2.96e+00 4.93e-04  -5.7 4.75e-02  -3.2 6.79e-01 9.10e-01h  1
 115  1.8481742e-02 2.28e+00 4.42e-04  -5.7 1.98e+00    -  1.00e+00 1.48e-01h  1
 116  1.7257463e-02 2.81e+01 5.52e-04  -5.7 3.20e+00    -  1.00e+00 6.71e-01h  1
 117  1.6517745e-02 4.14e+03 1.75e-01  -5.7 8.25e-01    -  7.99e-02 1.00e+00h  1
 118  1.6599159e-02 1.56e+03 6.63e-02  -5.7 8.76e-02  -3.7 1.00e+00 1.00e+00h  1
 119  1.6517658e-02 5.67e+02 2.49e-02  -5.7 2.72e-01  -4.2 1.00e+00 1.00e+00h  1
iter    objective    inf_pr   inf_du lg(mu)  ||d||  lg(rg) alpha_du alpha_pr  ls
 120  1.6450313e-02 2.09e+02 7.98e-03  -5.7 1.53e-01  -2.8 1.00e+00 1.00e+00h  1
 121  1.6320157e-02 6.96e+01 4.45e-03  -5.7 1.52e-01  -3.3 1.00e+00 1.00e+00h  1
 122  1.6069361e-02 5.61e+01 3.68e-03  -5.7 1.30e+00  -3.8 1.12e-01 1.95e-01h  1
 123  1.5560702e-02 4.90e+01 5.02e-03  -5.7 2.03e+00    -  4.45e-01 5.16e-01h  1
 124  1.5671302e-02 6.92e+01 1.40e-02  -5.7 5.63e-01  -4.3 1.00e+00 1.00e+00h  1
 125  1.5701605e-02 8.68e+00 4.39e-03  -5.7 5.04e-01    -  1.00e+00 1.00e+00h  1
 126  1.5701018e-02 7.58e+00 1.12e-03  -5.7 2.40e-01    -  1.00e+00 1.00e+00H  1
 127  1.5699338e-02 1.47e+01 3.97e-04  -5.7 4.73e-01    -  1.00e+00 1.00e+00h  1
 128  1.5699152e-02 8.38e+00 4.41e-04  -5.7 3.62e-01    -  1.00e+00 1.00e+00h  1
 129  1.5699313e-02 2.85e-01 1.27e-05  -5.7 8.51e-02    -  1.00e+00 1.00e+00h  1
iter    objective    inf_pr   inf_du lg(mu)  ||d||  lg(rg) alpha_du alpha_pr  ls
 130  1.5699320e-02 1.73e-02 9.45e-07  -5.7 4.86e-03    -  1.00e+00 1.00e+00h  1
 131  1.5699321e-02 6.94e-06 3.50e-10  -5.7 7.03e-05    -  1.00e+00 1.00e+00h  1
 132  1.4249788e-02 2.85e+00 6.50e-05  -7.0 3.02e-01    -  6.65e-01 6.01e-01h  1
 133  1.3534202e-02 1.75e+00 1.65e-04  -7.0 3.20e-01    -  2.81e-01 6.39e-01h  1
 134  1.3240077e-02 1.96e-02 1.15e-04  -7.0 1.55e-02  -2.9 9.73e-01 1.00e+00h  1
 135  1.3155445e-02 4.51e-03 3.15e-05  -7.0 4.24e-03  -2.5 1.00e+00 1.00e+00h  1
 136  1.3073364e-02 2.39e+00 5.04e-04  -7.0 5.48e-01    -  8.34e-01 3.94e-01h  1
 137  1.3048807e-02 3.59e-02 2.18e-04  -7.0 4.13e-03  -2.6 1.00e+00 1.00e+00h  1
 138  1.3041781e-02 6.17e-05 4.61e-06  -7.0 6.49e-04  -2.1 1.00e+00 1.00e+00h  1
 139  1.3029313e-02 4.15e-04 4.47e-06  -7.0 1.89e-03  -2.6 1.00e+00 1.00e+00h  1
iter    objective    inf_pr   inf_du lg(mu)  ||d||  lg(rg) alpha_du alpha_pr  ls
 140  1.3025680e-02 4.93e-05 4.43e-06  -7.0 7.01e-04  -2.2 1.00e+00 1.00e+00h  1
 141  1.3019008e-02 2.71e-04 4.35e-06  -7.0 2.07e-03  -2.7 1.00e+00 1.00e+00h  1
 142  1.3017025e-02 3.05e-05 4.33e-06  -7.0 7.72e-04  -2.3 1.00e+00 1.00e+00h  1
 143  1.3013401e-02 1.57e-04 4.28e-06  -7.0 2.29e-03  -2.7 1.00e+00 1.00e+00h  1
 144  1.3012317e-02 1.72e-05 4.27e-06  -7.0 8.56e-04  -2.3 1.00e+00 1.00e+00h  1
 145  1.3010347e-02 8.43e-05 4.24e-06  -7.0 2.55e-03  -2.8 1.00e+00 1.00e+00h  1
 146  1.3009755e-02 9.09e-06 4.23e-06  -7.0 9.53e-04  -2.4 1.00e+00 1.00e+00h  1
 147  1.3008670e-02 4.70e-05 4.20e-06  -7.0 2.84e-03  -2.8 1.00e+00 1.00e+00h  1
 148  1.3007971e-02 1.33e-04 6.59e-05  -7.0 3.17e-03  -2.9 1.00e+00 1.00e+00h  1
 149  1.3007745e-02 7.81e-06 4.17e-06  -7.0 1.19e-03  -2.5 1.00e+00 1.00e+00h  1
iter    objective    inf_pr   inf_du lg(mu)  ||d||  lg(rg) alpha_du alpha_pr  ls
 150  1.3006989e-02 1.55e-04 1.68e-05  -7.0 2.73e-03  -3.4 1.00e+00 1.00e+00h  1
 151  1.3006401e-02 1.02e-04 4.21e-06  -7.0 1.18e-02  -3.5 1.00e+00 1.00e+00h  1
 152  1.3006377e-02 2.16e-07 4.12e-06  -7.0 5.58e-04  -2.1 1.00e+00 1.00e+00h  1
 153  1.3006305e-02 1.48e-06 4.10e-06  -7.0 1.67e-03  -2.6 1.00e+00 1.00e+00h  1
 154  1.3005932e-02 1.33e-04 1.34e-05  -7.0 8.38e-03  -3.6 1.00e+00 1.00e+00h  1
 155  1.3005911e-02 3.06e-07 4.10e-06  -7.0 7.01e-04  -2.2 1.00e+00 1.00e+00h  1
 156  1.3005846e-02 3.11e-06 4.06e-06  -7.0 2.09e-03  -2.7 1.00e+00 1.00e+00h  1
 157  1.3005822e-02 4.53e-07 4.06e-06  -7.0 7.83e-04  -2.3 1.00e+00 1.00e+00h  1
 158  1.3005752e-02 4.46e-06 4.04e-06  -7.0 2.34e-03  -2.8 1.00e+00 1.00e+00h  1
 159  1.3005726e-02 6.47e-07 4.04e-06  -7.0 8.76e-04  -2.3 1.00e+00 1.00e+00h  1
iter    objective    inf_pr   inf_du lg(mu)  ||d||  lg(rg) alpha_du alpha_pr  ls
 160  1.3005649e-02 6.31e-06 4.02e-06  -7.0 2.62e-03  -2.8 1.00e+00 1.00e+00h  1
 161  1.3005621e-02 9.11e-07 4.02e-06  -7.0 9.81e-04  -2.4 1.00e+00 1.00e+00h  1
 162  1.3005538e-02 8.80e-06 4.00e-06  -7.0 2.93e-03  -2.9 1.00e+00 1.00e+00h  1
 163  1.3005507e-02 1.27e-06 4.00e-06  -7.0 1.10e-03  -2.4 1.00e+00 1.00e+00h  1
 164  1.3005415e-02 1.21e-05 3.99e-06  -7.0 3.28e-03  -2.9 1.00e+00 1.00e+00h  1
 165  1.3005382e-02 1.73e-06 3.98e-06  -7.0 1.23e-03  -2.5 1.00e+00 1.00e+00h  1
 166  1.3005090e-02 1.56e-04 3.96e-06  -7.0 1.09e-02  -3.4 1.00e+00 1.00e+00h  1
 167  1.3004983e-02 2.25e-05 3.92e-06  -7.0 4.09e-03  -3.0 1.00e+00 1.00e+00h  1
 168  1.3004943e-02 3.19e-06 3.92e-06  -7.0 1.53e-03  -2.6 1.00e+00 1.00e+00h  1
 169  1.3004605e-02 2.69e-04 4.14e-06  -7.0 1.32e-02  -3.5 1.00e+00 1.00e+00h  1
iter    objective    inf_pr   inf_du lg(mu)  ||d||  lg(rg) alpha_du alpha_pr  ls
 170  1.3004590e-02 5.77e-07 3.89e-06  -7.0 6.41e-04  -2.2 1.00e+00 1.00e+00h  1
 171  1.3004542e-02 5.37e-06 3.86e-06  -7.0 1.91e-03  -2.7 1.00e+00 1.00e+00h  1
 172  1.3004524e-02 7.56e-07 3.86e-06  -7.0 7.16e-04  -2.3 1.00e+00 1.00e+00h  1
 173  1.3004471e-02 6.85e-06 3.85e-06  -7.0 2.14e-03  -2.7 1.00e+00 1.00e+00h  1
 174  1.3004451e-02 9.64e-07 3.85e-06  -7.0 8.03e-04  -2.3 1.00e+00 1.00e+00h  1
 175  1.3004392e-02 8.71e-06 3.84e-06  -7.0 2.40e-03  -2.8 1.00e+00 1.00e+00h  1
 176  1.3004370e-02 1.23e-06 3.84e-06  -7.0 9.01e-04  -2.4 1.00e+00 1.00e+00h  1
 177  1.3004303e-02 1.11e-05 3.83e-06  -7.0 2.70e-03  -2.8 1.00e+00 1.00e+00h  1
 178  1.3004279e-02 1.56e-06 3.83e-06  -7.0 1.01e-03  -2.4 1.00e+00 1.00e+00h  1
 179  1.3004205e-02 1.40e-05 3.81e-06  -7.0 3.02e-03  -2.9 1.00e+00 1.00e+00h  1
iter    objective    inf_pr   inf_du lg(mu)  ||d||  lg(rg) alpha_du alpha_pr  ls
 180  1.3004178e-02 1.97e-06 3.81e-06  -7.0 1.13e-03  -2.5 1.00e+00 1.00e+00h  1
 181  1.3004147e-02 2.49e-06 3.81e-06  -7.0 1.27e-03  -2.5 1.00e+00 1.00e+00h  1
 182  1.3003876e-02 1.98e-04 3.78e-06  -7.0 1.13e-02  -3.5 1.00e+00 1.00e+00h  1
 183  1.3002771e-02 1.14e+01 1.11e-03  -7.0 5.84e-01    -  1.00e+00 1.00e+00H  1
 184  1.3003363e-02 1.96e+00 3.53e-03  -7.0 3.65e-02  -2.6 1.00e+00 1.00e+00h  1
 185  1.3003161e-02 3.87e-02 7.00e-04  -7.0 4.51e-03  -2.2 1.00e+00 1.00e+00h  1
 186  1.3002986e-02 5.42e-05 3.80e-06  -7.0 1.81e-03  -2.7 1.00e+00 1.00e+00h  1
 187  1.3002941e-02 5.19e-06 3.79e-06  -7.0 6.77e-04  -2.3 1.00e+00 1.00e+00h  1
 188  1.3002856e-02 3.51e-05 3.77e-06  -7.0 2.02e-03  -2.7 1.00e+00 1.00e+00h  1
 189  1.3002830e-02 4.44e-06 3.77e-06  -7.0 7.57e-04  -2.3 1.00e+00 1.00e+00h  1
iter    objective    inf_pr   inf_du lg(mu)  ||d||  lg(rg) alpha_du alpha_pr  ls
 190  1.3002768e-02 3.35e-05 3.75e-06  -7.0 2.26e-03  -2.8 1.00e+00 1.00e+00h  1
 191  1.3002618e-02 2.26e-04 3.71e-06  -7.0 6.70e-03  -3.3 1.00e+00 1.00e+00h  1
 192  1.3002564e-02 2.88e-05 3.70e-06  -7.0 2.51e-03  -2.8 1.00e+00 1.00e+00h  1
 193  1.3002545e-02 3.94e-06 3.69e-06  -7.0 9.38e-04  -2.4 1.00e+00 1.00e+00h  1
 194  1.3002486e-02 3.30e-05 3.68e-06  -7.0 2.80e-03  -2.9 1.00e+00 1.00e+00h  1
 195  1.3002464e-02 4.51e-06 3.67e-06  -7.0 1.05e-03  -2.5 1.00e+00 1.00e+00h  1
 196  1.2999182e-02 3.45e-02 1.29e-03  -7.0 3.52e+00  -3.4 9.23e-01 1.00e+00H  1
 197  1.2999635e-02 3.60e-04 1.44e-05  -7.0 6.32e-03  -3.0 1.00e+00 1.00e+00h  1
 198  1.2999624e-02 5.77e-06 2.86e-06  -7.0 1.04e-03  -2.6 1.00e+00 1.00e+00h  1
 199  1.2999389e-02 4.18e-04 3.18e-06  -7.0 9.52e-03  -3.5 1.00e+00 1.00e+00h  1
iter    objective    inf_pr   inf_du lg(mu)  ||d||  lg(rg) alpha_du alpha_pr  ls
 200  1.2999379e-02 8.78e-07 3.03e-06  -7.0 4.62e-04  -2.2 1.00e+00 1.00e+00h  1
 201  1.2999345e-02 8.08e-06 2.99e-06  -7.0 1.37e-03  -2.7 1.00e+00 1.00e+00h  1
 202  1.2999333e-02 1.13e-06 3.00e-06  -7.0 5.14e-04  -2.2 1.00e+00 1.00e+00h  1
 203  1.2999295e-02 1.00e-05 3.00e-06  -7.0 1.55e-03  -2.7 1.00e+00 1.00e+00h  1
 204  1.2984451e-02 3.11e-02 2.77e-03  -7.0 8.92e-01  -3.7 2.05e-01 1.00e+00h  1
 205  1.2985449e-02 8.79e-05 5.10e-05  -7.0 1.02e-02  -2.3 1.00e+00 1.00e+00h  1
 206  1.2985746e-02 1.34e-05 2.20e-06  -7.0 1.36e-03  -2.8 1.00e+00 1.00e+00h  1
 207  1.2985801e-02 1.90e-06 2.03e-06  -7.0 4.96e-04  -2.4 1.00e+00 1.00e+00h  1
 208  1.2985852e-02 1.71e-05 2.02e-06  -7.0 1.48e-03  -2.9 1.00e+00 1.00e+00h  1
 209  1.2985862e-02 2.40e-06 2.02e-06  -7.0 5.56e-04  -2.4 1.00e+00 1.00e+00h  1
iter    objective    inf_pr   inf_du lg(mu)  ||d||  lg(rg) alpha_du alpha_pr  ls
 210  1.2985863e-02 2.14e-05 2.01e-06  -7.0 1.66e-03  -2.9 1.00e+00 1.00e+00h  1
 211  1.2985861e-02 2.99e-06 2.01e-06  -7.0 6.22e-04  -2.5 1.00e+00 1.00e+00h  1
 212  1.2985334e-02 1.43e-01 1.42e-05  -7.0 2.78e-01    -  1.00e+00 2.65e-01h  2
 213  1.2985343e-02 2.29e-04 1.58e-06  -7.0 5.51e-04  -2.5 1.00e+00 1.00e+00h  1
 214  1.2985299e-02 1.61e-04 1.21e-06  -7.0 3.80e-03  -3.5 1.00e+00 1.00e+00h  1
 215  1.2985138e-02 1.01e-01 1.01e-05  -7.0 1.11e-01    -  1.00e+00 2.50e-01h  3
 216  1.2985136e-02 1.15e-04 8.10e-07  -7.0 3.57e-04  -2.6 1.00e+00 1.00e+00h  1
 217  1.2985133e-02 2.66e-07 7.95e-07  -7.0 1.31e-04  -2.2 1.00e+00 1.00e+00h  1

Number of Iterations....: 217

                                   (scaled)                 (unscaled)
Objective...............:   1.2985133039748183e-02    1.2985133039748183e-02
Dual infeasibility......:   7.9473890447057051e-07    7.9473890447057051e-07
Constraint violation....:   1.1769617819688010e-08    2.6612661230274171e-07
Variable bound violation:   0.0000000000000000e+00    0.0000000000000000e+00
Complementarity.........:   9.0909226218826591e-08    9.0909226218826591e-08
Overall NLP error.......:   7.9473890447057051e-07    7.9473890447057051e-07


Number of objective function evaluations             = 257
Number of objective gradient evaluations             = 218
Number of equality constraint evaluations            = 257
Number of inequality constraint evaluations          = 0
Number of equality constraint Jacobian evaluations   = 218
Number of inequality constraint Jacobian evaluations = 0
Number of Lagrangian Hessian evaluations             = 217
Total seconds in IPOPT                               = 43.799

EXIT: Optimal Solution Found.
      solver  :   t_proc      (avg)   t_wall      (avg)    n_eval
       nlp_f  |   2.00ms (  7.78us)   4.47ms ( 17.41us)       257
       nlp_g  | 438.00ms (  1.70ms) 434.05ms (  1.69ms)       257
  nlp_grad_f  |   9.00ms ( 40.91us)  10.40ms ( 47.29us)       220
  nlp_hess_l  |   1.49 s (  6.86ms)   1.50 s (  6.90ms)       217
   nlp_jac_g  |   5.43 s ( 24.81ms)   5.46 s ( 24.95ms)       219
       total  |  43.80 s ( 43.80 s)  43.80 s ( 43.80 s)         1
Computation time solving OCP: 47.258 s
